-10 0.0167813 0.0125365 0.0116858 0.00585094 0.000139833 -0.000487624 
-9.84216 0.0161627 0.0121194 0.011304 0.00566927 0.000136938 -0.00047755 
-9.68907 0.0155686 0.0117181 0.0109366 0.00549437 0.000134141 -0.000467817 
-9.54052 0.0149976 0.0113318 0.0105829 0.00532591 0.000131437 -0.000458411 
-9.39631 0.0144487 0.0109599 0.0102422 0.00516358 0.000128823 -0.000449314 
-9.25624 0.0139207 0.0106017 0.00991396 0.00500709 0.000126294 -0.000440514 
-9.12015 0.0134126 0.0102564 0.00959755 0.00485616 0.000123846 -0.000431998 
-8.98785 0.0129235 0.00992352 0.00929241 0.00471053 0.000121477 -0.000423751 
-8.8592 0.0124525 0.00960245 0.00899802 0.00456995 0.000119181 -0.000415764 
-8.73404 0.0119987 0.00929264 0.0087139 0.00443421 0.000116957 -0.000408024 
-8.61223 0.0115614 0.00899358 0.00843957 0.00430307 0.000114801 -0.00040052 
-8.49364 0.0111397 0.0087048 0.00817459 0.00417634 0.00011271 -0.000393244 
-8.37813 0.010733 0.00842584 0.00791857 0.00405383 0.000110681 -0.000386185 
-8.26559 0.0103407 0.00815626 0.00767109 0.00393534 0.000108713 -0.000379334 
-8.1559 0.00996196 0.00789565 0.0074318 0.00382071 0.000106802 -0.000372684 
-8.04896 0.00959633 0.00764365 0.00720035 0.00370977 0.000104946 -0.000366225 
-7.94465 0.0092432 0.00739987 0.00697639 0.00360237 0.000103143 -0.000359951 
-7.84289 0.00890205 0.00716398 0.00675963 0.00349837 0.000101392 -0.000353854 
-7.74358 0.00857236 0.00693564 0.00654976 0.00339761 9.96886e-05 -0.000347927 
-7.64663 0.00825365 0.00671454 0.00634649 0.00329997 9.80326e-05 -0.000342163 
-7.55195 0.00794547 0.0065004 0.00614957 0.00320533 9.6422e-05 -0.000336557 
-7.45947 0.00764737 0.00629292 0.00595873 0.00311356 9.4855e-05 -0.000331103 
-7.36911 0.00735894 0.00609185 0.00577373 0.00302456 9.33298e-05 -0.000325795 
-7.28079 0.0070798 0.00589693 0.00559434 0.0029382 9.18451e-05 -0.000320627 
-7.19444 0.00680958 0.00570792 0.00542035 0.0028544 9.03994e-05 -0.000315594 
-7.11001 0.00654791 0.00552458 0.00525155 0.00277304 8.89912e-05 -0.000310693 
-7.02741 0.00629446 0.00534671 0.00508773 0.00269405 8.76192e-05 -0.000305917 
-6.94661 0.00604891 0.00517409 0.0049287 0.00261733 8.62821e-05 -0.000301263 
-6.86752 0.00581095 0.00500652 0.00477429 0.00254279 8.49787e-05 -0.000296726 
-6.79011 0.00558029 0.00484382 0.00462433 0.00247036 8.37079e-05 -0.000292302 
-6.71431 0.00535666 0.00468581 0.00447865 0.00239996 8.24685e-05 -0.000287987 
-6.64007 0.00513979 0.0045323 0.00433709 0.00233151 8.12595e-05 -0.000283779 
-6.56735 0.00492942 0.00438314 0.0041995 0.00226494 8.00798e-05 -0.000279672 
-6.4961 0.00472532 0.00423818 0.00406575 0.00220019 7.89286e-05 -0.000275664 
-6.42628 0.00452725 0.00409725 0.00393568 0.00213719 7.78047e-05 -0.000271752 
-6.35783 0.00433499 0.00396022 0.00380918 0.00207589 7.67075e-05 -0.000267932 
-6.29072 0.00414834 0.00382694 0.00368612 0.00201621 7.56359e-05 -0.000264201 
-6.22491 0.00396708 0.0036973 0.00356637 0.00195811 7.45892e-05 -0.000260557 
-6.16036 0.00379103 0.00357115 0.00344983 0.00190154 7.35665e-05 -0.000256997 
-6.09703 0.00362001 0.00344839 0.00333638 0.00184643 7.25672e-05 -0.000253518 
-6.03489 0.00345383 0.00332889 0.00322592 0.00179274 7.15906e-05 -0.000250117 
-5.9739 0.00329233 0.00321254 0.00311834 0.00174043 7.06358e-05 -0.000246793 
-5.91404 0.00313535 0.00309924 0.00301356 0.00168944 6.97022e-05 -0.000243543 
-5.85526 0.00298272 0.00298889 0.00291147 0.00163974 6.87893e-05 -0.000240364 
-5.79755 0.00283431 0.00288139 0.00281199 0.00159128 6.78963e-05 -0.000237255 
-5.74086 0.00268996 0.00277664 0.00271503 0.00154402 6.70227e-05 -0.000234213 
-5.68518 0.00254955 0.00267455 0.00262051 0.00149792 6.61679e-05 -0.000231237 
-5.63047 0.00241293 0.00257504 0.00252835 0.00145295 6.53314e-05 -0.000228324 
-5.57671 0.00227999 0.00247803 0.00243848 0.00140907 6.45126e-05 -0.000225473 
-5.52387 0.00215059 0.00238343 0.00235082 0.00136625 6.3711e-05 -0.000222682 
-5.47193 0.00202464 0.00229117 0.00226531 0.00132444 6.29262e-05 -0.000219949 
-5.42087 0.001902 0.00220117 0.00218187 0.00128363 6.21576e-05 -0.000217273 
-5.37066 0.00178258 0.00211337 0.00210044 0.00124378 6.14048e-05 -0.000214651 
-5.32127 0.00166628 0.00202769 0.00202096 0.00120486 6.06673e-05 -0.000212083 
-5.2727 0.00155298 0.00194407 0.00194336 0.00116684 5.99448e-05 -0.000209567 
-5.22492 0.00144261 0.00186244 0.0018676 0.0011297 5.92367e-05 -0.000207102 
-5.17791 0.00133505 0.00178275 0.00179361 0.0010934 5.85429e-05 -0.000204685 
-5.13165 0.00123023 0.00170493 0.00172134 0.00105793 5.78627e-05 -0.000202317 
-5.08611 0.00112807 0.00162893 0.00165074 0.00102326 5.71959e-05 -0.000199995 
-5.0413 0.00102847 0.0015547 0.00158177 0.000989363 5.65422e-05 -0.000197718 
-4.99717 0.000931358 0.00148218 0.00151436 0.000956219 5.59011e-05 -0.000195485 
-4.95373 0.00083666 0.00141132 0.00144848 0.000923806 5.52723e-05 -0.000193296 
-4.91095 0.000744302 0.00134207 0.00138407 0.000892102 5.46556e-05 -0.000191148 
-4.86882 0.000654211 0.00127438 0.00132111 0.000861088 5.40506e-05 -0.000189041 
-4.82732 0.00056632 0.00120822 0.00125954 0.000830743 5.3457e-05 -0.000186974 
-4.78644 0.000480563 0.00114353 0.00119932 0.000801049 5.28745e-05 -0.000184945 
-4.74616 0.000396876 0.00108027 0.00114042 0.000771987 5.23028e-05 -0.000182954 
-4.70647 0.000315197 0.0010184 0.00108281 0.000743539 5.17417e-05 -0.000181 
-4.66736 0.000235468 0.000957886 0.00102643 0.000715688 5.11909e-05 -0.000179082 
-4.62881 0.00015763 0.000898685 0.000971261 0.000688418 5.06502e-05 -0.000177198 
-4.59081 8.16291e-05 0.00084076 0.000917266 0.000661713 5.01192e-05 -0.000175349 
-4.55335 7.41154e-06 0.000784075 0.000864412 0.000635557 4.95978e-05 -0.000173533 
-4.51642 -6.50743e-05 0.000728597 0.000812667 0.000609934 4.90858e-05 -0.00017175 
-4.47999 -0.000135878 0.000674291 0.000762002 0.000584831 4.85828e-05 -0.000169998 
-4.44408 -0.000205049 0.000621125 0.000712385 0.000560234 4.80887e-05 -0.000168277 
-4.40865 -0.000272632 0.000569068 0.00066379 0.000536128 4.76033e-05 -0.000166586 
-4.37371 -0.000338673 0.00051809 0.000616187 0.000512501 4.71264e-05 -0.000164925 
-4.33923 -0.000403216 0.00046816 0.00056955 0.00048934 4.66577e-05 -0.000163293 
-4.30522 -0.000466302 0.000419252 0.000523853 0.000466633 4.61971e-05 -0.000161688 
-4.27167 -0.000527972 0.000371337 0.00047907 0.000444367 4.57444e-05 -0.000160112 
-4.23855 -0.000588267 0.000324388 0.000435179 0.000422531 4.52994e-05 -0.000158562 
-4.20586 -0.000647223 0.000278381 0.000392154 0.000401114 4.4862e-05 -0.000157038 
-4.17361 -0.000704879 0.000233289 0.000349973 0.000380105 4.44319e-05 -0.00015554 
-4.14176 -0.000761269 0.000189088 0.000308613 0.000359493 4.4009e-05 -0.000154067 
-4.11032 -0.000816428 0.000145756 0.000268054 0.000339268 4.35931e-05 -0.000152618 
-4.07929 -0.000870391 0.000103269 0.000228274 0.000319421 4.31841e-05 -0.000151194 
-4.04864 -0.000923188 6.16051e-05 0.000189253 0.000299941 4.27819e-05 -0.000149793 
-4.01837 -0.000974853 2.07431e-05 0.000150972 0.000280819 4.23862e-05 -0.000148414 
-3.98849 -0.00102542 -1.93378e-05 0.000113411 0.000262046 4.19969e-05 -0.000147059 
-3.95896 -0.0010749 -5.86579e-05 7.65518e-05 0.000243614 4.1614e-05 -0.000145725 
-3.9298 -0.00112335 -9.72367e-05 4.03769e-05 0.000225513 4.12372e-05 -0.000144412 
-3.901 -0.00117078 -0.000135093 4.86862e-06 0.000207736 4.08664e-05 -0.000143121 
-3.87254 -0.00121722 -0.000172246 -2.99899e-05 0.000190274 4.05015e-05 -0.00014185 
-3.84442 -0.00126269 -0.000208712 -6.42151e-05 0.00017312 4.01424e-05 -0.000140599 
-3.81663 -0.00130723 -0.00024451 -9.78228e-05 0.000156266 3.9789e-05 -0.000139368 
-3.78917 -0.00135086 -0.000279656 -0.000130829 0.000139704 3.9441e-05 -0.000138156 
-3.76204 -0.00139359 -0.000314166 -0.000163247 0.000123428 3.90985e-05 -0.000136963 
-3.73522 -0.00143546 -0.000348057 -0.000195094 0.000107431 3.87613e-05 -0.000135788 
-3.7087 -0.00147649 -0.000381344 -0.000226382 9.1705e-05 3.84293e-05 -0.000134632 
-3.68249 -0.00151669 -0.000414042 -0.000257126 7.62442e-05 3.81024e-05 -0.000133493 
-3.65658 -0.00155609 -0.000446166 -0.000287339 6.10422e-05 3.77805e-05 -0.000132371 
-3.63097 -0.00159472 -0.000477729 -0.000317035 4.60926e-05 3.74634e-05 -0.000131267 
-3.60564 -0.00163258 -0.000508746 -0.000346225 3.13894e-05 3.71511e-05 -0.000130179 
-3.58059 -0.0016697 -0.00053923 -0.000374922 1.69267e-05 3.68436e-05 -0.000129108 
-3.55581 -0.0017061 -0.000569194 -0.000403138 2.69871e-06 3.65406e-05 -0.000128053 
-3.53132 -0.0017418 -0.000598651 -0.000430885 -1.13001e-05 3.62421e-05 -0.000127013 
-3.50708 -0.00177682 -0.000627613 -0.000458174 -2.50751e-05 3.59481e-05 -0.000125989 
-3.48311 -0.00181116 -0.000656092 -0.000485016 -3.86317e-05 3.56583e-05 -0.000124979 
-3.4594 -0.00184485 -0.0006841 -0.000511422 -5.19751e-05 3.53729e-05 -0.000123985 
-3.43594 -0.00187791 -0.000711649 -0.000537403 -6.51101e-05 3.50915e-05 -0.000123005 
-3.41273 -0.00191035 -0.000738748 -0.000562968 -7.80418e-05 3.48143e-05 -0.000122039 
-3.38977 -0.00194219 -0.00076541 -0.000588127 -9.07748e-05 3.45411e-05 -0.000121088 
-3.36704 -0.00197344 -0.000791644 -0.000612891 -0.000103314 3.42718e-05 -0.00012015 
-3.34456 -0.00200411 -0.000817462 -0.000637268 -0.000115663 3.40063e-05 -0.000119225 
-3.3223 -0.00203423 -0.000842872 -0.000661268 -0.000127828 3.37447e-05 -0.000118314 
-3.30027 -0.0020638 -0.000867884 -0.0006849 -0.000139812 3.34867e-05 -0.000117415 
-3.27847 -0.00209284 -0.000892509 -0.000708172 -0.000151619 3.32324e-05 -0.000116529 
-3.25689 -0.00212136 -0.000916755 -0.000731093 -0.000163254 3.29817e-05 -0.000115656 
-3.23553 -0.00214938 -0.000940631 -0.000753672 -0.00017472 3.27344e-05 -0.000114795 
-3.21437 -0.0021769 -0.000964147 -0.000775915 -0.000186021 3.24906e-05 -0.000113946 
-3.19343 -0.00220394 -0.000987309 -0.000797832 -0.000197162 3.22502e-05 -0.000113108 
-3.1727 -0.00223051 -0.00101013 -0.000819429 -0.000208145 3.20132e-05 -0.000112283 
-3.15217 -0.00225662 -0.00103261 -0.000840715 -0.000218975 3.17793e-05 -0.000111468 
-3.13184 -0.00228229 -0.00105477 -0.000861696 -0.000229655 3.15487e-05 -0.000110665 
-3.11171 -0.00230752 -0.0010766 -0.00088238 -0.000240188 3.13212e-05 -0.000109873 
-3.09177 -0.00233233 -0.00109812 -0.000902773 -0.000250578 3.10968e-05 -0.000109091 
-3.07202 -0.00235672 -0.00111934 -0.000922883 -0.000260827 3.08755e-05 -0.00010832 
-3.05245 -0.0023807 -0.00114025 -0.000942715 -0.00027094 3.06571e-05 -0.000107559 
-3.03308 -0.0024043 -0.00116088 -0.000962277 -0.000280919 3.04416e-05 -0.000106809 
-3.01388 -0.00242751 -0.00118122 -0.000981575 -0.000290768 3.02291e-05 -0.000106069 
-2.99486 -0.00245034 -0.00120129 -0.00100062 -0.000300489 3.00193e-05 -0.000105338 
-2.97602 -0.0024728 -0.00122108 -0.0010194 -0.000310085 2.98123e-05 -0.000104617 
-2.95735 -0.00249491 -0.00124061 -0.00103794 -0.000319559 2.96081e-05 -0.000103906 
-2.93886 -0.00251667 -0.00125988 -0.00105625 -0.000328913 2.94065e-05 -0.000103204 
-2.92053 -0.00253809 -0.00127889 -0.00107431 -0.000338152 2.92076e-05 -0.000102511 
-2.90237 -0.00255918 -0.00129766 -0.00109215 -0.000347276 2.90113e-05 -0.000101828 
-2.88437 -0.00257994 -0.00131619 -0.00110976 -0.000356289 2.88175e-05 -0.000101153 
-2.86653 -0.00260039 -0.00133449 -0.00112715 -0.000365193 2.86262e-05 -0.000100487 
-2.84884 -0.00262053 -0.00135255 -0.00114433 -0.000373991 2.84374e-05 -9.98293e-05 
-2.83132 -0.00264037 -0.00137039 -0.00116131 -0.000382686 2.8251e-05 -9.91803e-05 
-2.81395 -0.00265992 -0.00138801 -0.00117807 -0.000391278 2.8067e-05 -9.85396e-05 
-2.79672 -0.00267917 -0.00140542 -0.00119464 -0.000399772 2.78853e-05 -9.7907e-05 
-2.77965 -0.00269815 -0.00142261 -0.00121102 -0.000408168 2.7706e-05 -9.72825e-05 
-2.76273 -0.00271686 -0.00143961 -0.0012272 -0.00041647 2.75289e-05 -9.66659e-05 
-2.74595 -0.0027353 -0.0014564 -0.0012432 -0.000424679 2.7354e-05 -9.60571e-05 
-2.72931 -0.00275349 -0.001473 -0.00125902 -0.000432798 2.71814e-05 -9.54559e-05 
-2.71281 -0.00277142 -0.00148941 -0.00127466 -0.000440829 2.70109e-05 -9.48623e-05 
-2.69645 -0.0027891 -0.00150564 -0.00129013 -0.000448773 2.68425e-05 -9.42761e-05 
-2.68023 -0.00280654 -0.00152168 -0.00130543 -0.000456633 2.66762e-05 -9.36972e-05 
-2.66414 -0.00282375 -0.00153755 -0.00132056 -0.00046441 2.6512e-05 -9.31255e-05 
-2.64818 -0.00284073 -0.00155325 -0.00133554 -0.000472107 2.63498e-05 -9.25608e-05 
-2.63236 -0.00285748 -0.00156878 -0.00135035 -0.000479725 2.61896e-05 -9.20031e-05 
-2.61666 -0.00287402 -0.00158414 -0.00136502 -0.000487267 2.60314e-05 -9.14522e-05 
-2.60109 -0.00289035 -0.00159935 -0.00137954 -0.000494734 2.5875e-05 -9.09081e-05 
-2.58565 -0.00290647 -0.00161439 -0.00139391 -0.000502127 2.57206e-05 -9.03706e-05 
-2.57033 -0.00292239 -0.00162929 -0.00140814 -0.000509449 2.55681e-05 -8.98397e-05 
-2.55513 -0.00293811 -0.00164404 -0.00142223 -0.000516701 2.54174e-05 -8.93152e-05 
-2.54005 -0.00295364 -0.00165864 -0.00143618 -0.000523885 2.52686e-05 -8.87971e-05 
-2.52509 -0.00296898 -0.0016731 -0.00145 -0.000531002 2.51215e-05 -8.82851e-05 
-2.51024 -0.00298414 -0.00168743 -0.0014637 -0.000538054 2.49762e-05 -8.77794e-05 
-2.49552 -0.00299912 -0.00170161 -0.00147727 -0.000545043 2.48326e-05 -8.72797e-05 
-2.4809 -0.00301393 -0.00171567 -0.00149071 -0.00055197 2.46907e-05 -8.67859e-05 
-2.4664 -0.00302858 -0.0017296 -0.00150404 -0.000558837 2.45505e-05 -8.62981e-05 
-2.45201 -0.00304306 -0.00174341 -0.00151725 -0.000565645 2.4412e-05 -8.5816e-05 
-2.43773 -0.00305737 -0.0017571 -0.00153035 -0.000572396 2.42751e-05 -8.53396e-05 
-2.42355 -0.00307154 -0.00177066 -0.00154334 -0.00057909 2.41398e-05 -8.48689e-05 
-2.40948 -0.00308555 -0.00178412 -0.00155622 -0.00058573 2.40061e-05 -8.44037e-05 
-2.39552 -0.00309941 -0.00179746 -0.00156899 -0.000592317 2.3874e-05 -8.39439e-05 
-2.38166 -0.00311313 -0.00181069 -0.00158167 -0.000598852 2.37434e-05 -8.34896e-05 
-2.3679 -0.00312671 -0.00182381 -0.00159424 -0.000605336 2.36143e-05 -8.30405e-05 
-2.35425 -0.00314016 -0.00183684 -0.00160672 -0.000611771 2.34867e-05 -8.25967e-05 
-2.34069 -0.00315347 -0.00184976 -0.00161911 -0.000618158 2.33606e-05 -8.2158e-05 
-2.32723 -0.00316666 -0.00186258 -0.0016314 -0.000624498 2.32359e-05 -8.17244e-05 
-2.31387 -0.00317972 -0.00187531 -0.0016436 -0.000630792 2.31127e-05 -8.12958e-05 
-2.3006 -0.00319265 -0.00188795 -0.00165572 -0.000637043 2.29909e-05 -8.08721e-05 
-2.28743 -0.00320547 -0.00190049 -0.00166776 -0.00064325 2.28705e-05 -8.04533e-05 
-2.27435 -0.00321818 -0.00191296 -0.00167971 -0.000649415 2.27515e-05 -8.00393e-05 
-2.26136 -0.00323077 -0.00192533 -0.00169158 -0.00065554 2.26338e-05 -7.96301e-05 
-2.24847 -0.00324326 -0.00193762 -0.00170338 -0.000661625 2.25175e-05 -7.92255e-05 
-2.23566 -0.00325564 -0.00194984 -0.0017151 -0.000667671 2.24024e-05 -7.88255e-05 
-2.22294 -0.00326792 -0.00196197 -0.00172675 -0.00067368 2.22887e-05 -7.84301e-05 
-2.21031 -0.00328009 -0.00197404 -0.00173833 -0.000679653 2.21762e-05 -7.80391e-05 
-2.19777 -0.00329218 -0.00198602 -0.00174984 -0.00068559 2.20651e-05 -7.76525e-05 
-2.18531 -0.00330417 -0.00199794 -0.00176128 -0.000691493 2.19551e-05 -7.72703e-05 
-2.17294 -0.00331607 -0.00200979 -0.00177267 -0.000697363 2.18464e-05 -7.68924e-05 
-2.16064 -0.00332788 -0.00202158 -0.00178399 -0.000703201 2.17389e-05 -7.65188e-05 
-2.14844 -0.00333961 -0.0020333 -0.00179525 -0.000709007 2.16326e-05 -7.61493e-05 
-2.13631 -0.00335126 -0.00204496 -0.00180645 -0.000714784 2.15275e-05 -7.5784e-05 
-2.12426 -0.00336282 -0.00205656 -0.0018176 -0.000720531 2.14236e-05 -7.54227e-05 
-2.11229 -0.00337431 -0.0020681 -0.00182869 -0.000726249 2.13208e-05 -7.50655e-05 
-2.1004 -0.00338573 -0.00207959 -0.00183973 -0.000731941 2.12191e-05 -7.47122e-05 
-2.08859 -0.00339708 -0.00209102 -0.00185072 -0.000737606 2.11186e-05 -7.43628e-05 
-2.07685 -0.00340835 -0.0021024 -0.00186166 -0.000743245 2.10191e-05 -7.40174e-05 
-2.06519 -0.00341956 -0.00211374 -0.00187256 -0.00074886 2.09208e-05 -7.36757e-05 
-2.05361 -0.00343071 -0.00212502 -0.00188341 -0.000754451 2.08235e-05 -7.33378e-05 
-2.0421 -0.0034418 -0.00213626 -0.00189422 -0.00076002 2.07273e-05 -7.30036e-05 
-2.03066 -0.00345282 -0.00214746 -0.00190499 -0.000765566 2.06321e-05 -7.26731e-05 
-2.01929 -0.00346379 -0.00215861 -0.00191572 -0.000771092 2.0538e-05 -7.23462e-05 
-2.00799 -0.0034747 -0.00216973 -0.00192641 -0.000776597 2.04449e-05 -7.20229e-05 
-1.99677 -0.00348557 -0.0021808 -0.00193707 -0.000782083 2.03528e-05 -7.17031e-05 
-1.98561 -0.00349638 -0.00219184 -0.00194769 -0.00078755 2.02617e-05 -7.13868e-05 
-1.97452 -0.00350714 -0.00220285 -0.00195828 -0.000793 2.01716e-05 -7.1074e-05 
-1.9635 -0.00351786 -0.00221382 -0.00196884 -0.000798432 2.00825e-05 -7.07645e-05 
-1.95255 -0.00352853 -0.00222476 -0.00197937 -0.000803849 1.99943e-05 -7.04585e-05 
-1.94166 -0.00353916 -0.00223567 -0.00198987 -0.00080925 1.99071e-05 -7.01557e-05 
-1.93084 -0.00354975 -0.00224656 -0.00200035 -0.000814637 1.98208e-05 -6.98562e-05 
-1.92008 -0.00356031 -0.00225741 -0.0020108 -0.00082001 1.97354e-05 -6.956e-05 
-1.90939 -0.00357083 -0.00226825 -0.00202123 -0.00082537 1.9651e-05 -6.9267e-05 
-1.89876 -0.00358131 -0.00227906 -0.00203164 -0.000830718 1.95674e-05 -6.89771e-05 
-1.88819 -0.00359176 -0.00228985 -0.00204203 -0.000836054 1.94848e-05 -6.86904e-05 
-1.87768 -0.00360219 -0.00230062 -0.0020524 -0.000841379 1.9403e-05 -6.84067e-05 
-1.86724 -0.00361258 -0.00231137 -0.00206275 -0.000846695 1.93221e-05 -6.81261e-05 
-1.85685 -0.00362295 -0.0023221 -0.00207309 -0.000852001 1.9242e-05 -6.78485e-05 
-1.84653 -0.00363329 -0.00233282 -0.00208341 -0.000857299 1.91628e-05 -6.75739e-05 
-1.83626 -0.00364361 -0.00234353 -0.00209372 -0.000862589 1.90845e-05 -6.73023e-05 
-1.82606 -0.00365391 -0.00235422 -0.00210402 -0.000867872 1.9007e-05 -6.70335e-05 
-1.81591 -0.00366419 -0.00236491 -0.00211431 -0.000873148 1.89303e-05 -6.67676e-05 
-1.80581 -0.00367445 -0.00237558 -0.00212459 -0.000878419 1.88544e-05 -6.65046e-05 
-1.79578 -0.0036847 -0.00238625 -0.00213487 -0.000883684 1.87793e-05 -6.62444e-05 
-1.7858 -0.00369494 -0.00239691 -0.00214514 -0.000888946 1.8705e-05 -6.59869e-05 
-1.77587 -0.00370516 -0.00240757 -0.0021554 -0.000894204 1.86315e-05 -6.57322e-05 
-1.766 -0.00371537 -0.00241822 -0.00216566 -0.000899459 1.85587e-05 -6.54802e-05 
-1.75619 -0.00372557 -0.00242887 -0.00217593 -0.000904711 1.84867e-05 -6.52309e-05 
-1.74642 -0.00373576 -0.00243953 -0.00218619 -0.000909962 1.84155e-05 -6.49843e-05 
-1.73671 -0.00374595 -0.00245018 -0.00219645 -0.000915212 1.8345e-05 -6.47403e-05 
-1.72706 -0.00375613 -0.00246084 -0.00220672 -0.000920462 1.82753e-05 -6.44989e-05 
-1.71745 -0.00376631 -0.00247149 -0.00221698 -0.000925713 1.82063e-05 -6.426e-05 
-1.70789 -0.00377649 -0.00248216 -0.00222726 -0.000930964 1.8138e-05 -6.40237e-05 
-1.69839 -0.00378667 -0.00249283 -0.00223754 -0.000936217 1.80704e-05 -6.37899e-05 
-1.68894 -0.00379686 -0.00250351 -0.00224783 -0.000941473 1.80036e-05 -6.35586e-05 
-1.67953 -0.00380704 -0.0025142 -0.00225813 -0.000946731 1.79374e-05 -6.33297e-05 
-1.67017 -0.00381723 -0.0025249 -0.00226844 -0.000951994 1.7872e-05 -6.31033e-05 
-1.66087 -0.00382743 -0.00253561 -0.00227876 -0.00095726 1.78072e-05 -6.28793e-05 
-1.65161 -0.00383763 -0.00254634 -0.00228909 -0.000962532 1.77431e-05 -6.26576e-05 
-1.64239 -0.00384785 -0.00255708 -0.00229944 -0.000967809 1.76796e-05 -6.24383e-05 
-1.63323 -0.00385807 -0.00256783 -0.0023098 -0.000973092 1.76169e-05 -6.22214e-05 
-1.62411 -0.00386831 -0.00257861 -0.00232018 -0.000978383 1.75547e-05 -6.20067e-05 
-1.61504 -0.00387856 -0.0025894 -0.00233058 -0.000983681 1.74933e-05 -6.17944e-05 
-1.60601 -0.00388882 -0.00260021 -0.002341 -0.000988987 1.74324e-05 -6.15843e-05 
-1.59703 -0.00389911 -0.00261105 -0.00235144 -0.000994301 1.73722e-05 -6.13764e-05 
-1.58809 -0.0039094 -0.0026219 -0.0023619 -0.000999626 1.73127e-05 -6.11707e-05 
-1.57919 -0.00391972 -0.00263279 -0.00237238 -0.00100496 1.72537e-05 -6.09672e-05 
-1.57034 -0.00393006 -0.00264369 -0.00238289 -0.00101031 1.71954e-05 -6.07659e-05 
-1.56153 -0.00394042 -0.00265462 -0.00239343 -0.00101566 1.71377e-05 -6.05668e-05 
-1.55277 -0.00395081 -0.00266559 -0.00240399 -0.00102103 1.70806e-05 -6.03697e-05 
-1.54404 -0.00396122 -0.00267658 -0.00241458 -0.00102641 1.7024e-05 -6.01748e-05 
-1.53536 -0.00397165 -0.0026876 -0.00242519 -0.0010318 1.69681e-05 -5.99819e-05 
-1.52672 -0.00398212 -0.00269865 -0.00243584 -0.00103721 1.69128e-05 -5.97911e-05 
-1.51812 -0.00399261 -0.00270974 -0.00244652 -0.00104264 1.6858e-05 -5.96024e-05 
-1.50957 -0.00400313 -0.00272086 -0.00245724 -0.00104807 1.68038e-05 -5.94157e-05 
-1.50105 -0.00401368 -0.00273201 -0.00246799 -0.00105353 1.67502e-05 -5.92309e-05 
-1.49257 -0.00402427 -0.00274321 -0.00247877 -0.001059 1.66971e-05 -5.90482e-05 
-1.48413 -0.00403489 -0.00275444 -0.00248959 -0.00106448 1.66446e-05 -5.88674e-05 
-1.47573 -0.00404554 -0.00276571 -0.00250045 -0.00106999 1.65926e-05 -5.86886e-05 
-1.46736 -0.00405624 -0.00277702 -0.00251135 -0.00107551 1.65412e-05 -5.85116e-05 
-1.45904 -0.00406697 -0.00278838 -0.00252229 -0.00108105 1.64903e-05 -5.83366e-05 
-1.45075 -0.00407774 -0.00279978 -0.00253327 -0.00108661 1.644e-05 -5.81635e-05 
-1.4425 -0.00408854 -0.00281122 -0.0025443 -0.0010922 1.63902e-05 -5.79923e-05 
-1.43429 -0.0040994 -0.00282271 -0.00255537 -0.0010978 1.63409e-05 -5.78229e-05 
-1.42611 -0.00411029 -0.00283425 -0.00256648 -0.00110342 1.62921e-05 -5.76554e-05 
-1.41797 -0.00412123 -0.00284584 -0.00257764 -0.00110907 1.62439e-05 -5.74896e-05 
-1.40987 -0.00413221 -0.00285747 -0.00258885 -0.00111474 1.61961e-05 -5.73257e-05 
-1.4018 -0.00414325 -0.00286916 -0.00260011 -0.00112043 1.61489e-05 -5.71636e-05 
-1.39376 -0.00415433 -0.0028809 -0.00261142 -0.00112615 1.61021e-05 -5.70033e-05 
-1.38576 -0.00416546 -0.0028927 -0.00262279 -0.00113189 1.60559e-05 -5.68447e-05 
-1.3778 -0.00417664 -0.00290455 -0.0026342 -0.00113766 1.60101e-05 -5.66878e-05 
-1.36987 -0.00418787 -0.00291646 -0.00264568 -0.00114345 1.59649e-05 -5.65327e-05 
-1.36197 -0.00419916 -0.00292843 -0.00265721 -0.00114927 1.59201e-05 -5.63793e-05 
-1.35411 -0.0042105 -0.00294045 -0.00266879 -0.00115512 1.58758e-05 -5.62276e-05 
-1.34628 -0.00422189 -0.00295254 -0.00268044 -0.00116099 1.5832e-05 -5.60776e-05 
-1.33848 -0.00423335 -0.00296469 -0.00269214 -0.0011669 1.57886e-05 -5.59292e-05 
-1.33071 -0.00424486 -0.00297691 -0.00270391 -0.00117283 1.57457e-05 -5.57825e-05 
-1.32298 -0.00425644 -0.00298919 -0.00271574 -0.0011788 1.57033e-05 -5.56374e-05 
-1.31528 -0.00426807 -0.00300154 -0.00272763 -0.00118479 1.56613e-05 -5.5494e-05 
-1.30761 -0.00427977 -0.00301395 -0.00273959 -0.00119082 1.56198e-05 -5.53522e-05 
-1.29997 -0.00429153 -0.00302644 -0.00275162 -0.00119688 1.55787e-05 -5.5212e-05 
-1.29236 -0.00430336 -0.003039 -0.00276372 -0.00120298 1.55381e-05 -5.50734e-05 
-1.28478 -0.00431525 -0.00305163 -0.00277588 -0.0012091 1.54979e-05 -5.49363e-05 
-1.27723 -0.00432721 -0.00306433 -0.00278812 -0.00121527 1.54582e-05 -5.48008e-05 
-1.26971 -0.00433924 -0.00307711 -0.00280043 -0.00122146 1.54189e-05 -5.46669e-05 
-1.26222 -0.00435135 -0.00308997 -0.00281281 -0.0012277 1.538e-05 -5.45345e-05 
-1.25476 -0.00436352 -0.0031029 -0.00282527 -0.00123397 1.53416e-05 -5.44036e-05 
-1.24733 -0.00437577 -0.00311592 -0.00283781 -0.00124028 1.53035e-05 -5.42743e-05 
-1.23993 -0.00438809 -0.00312901 -0.00285043 -0.00124662 1.52659e-05 -5.41464e-05 
-1.23256 -0.00440049 -0.00314219 -0.00286313 -0.00125301 1.52287e-05 -5.40201e-05 
-1.22521 -0.00441296 -0.00315546 -0.00287591 -0.00125944 1.5192e-05 -5.38952e-05 
-1.2179 -0.00442552 -0.00316881 -0.00288877 -0.0012659 1.51556e-05 -5.37718e-05 
-1.21061 -0.00443815 -0.00318225 -0.00290172 -0.00127241 1.51197e-05 -5.36499e-05 
-1.20334 -0.00445087 -0.00319578 -0.00291475 -0.00127896 1.50841e-05 -5.35294e-05 
-1.19611 -0.00446367 -0.0032094 -0.00292788 -0.00128556 1.5049e-05 -5.34104e-05 
-1.1889 -0.00447655 -0.00322312 -0.00294109 -0.0012922 1.50142e-05 -5.32927e-05 
-1.18172 -0.00448952 -0.00323693 -0.00295439 -0.00129888 1.49799e-05 -5.31765e-05 
-1.17456 -0.00450258 -0.00325083 -0.00296779 -0.00130561 1.49459e-05 -5.30617e-05 
-1.16743 -0.00451573 -0.00326484 -0.00298128 -0.00131239 1.49123e-05 -5.29484e-05 
-1.16033 -0.00452896 -0.00327894 -0.00299487 -0.00131921 1.48791e-05 -5.28364e-05 
-1.15325 -0.00454229 -0.00329314 -0.00300856 -0.00132609 1.48463e-05 -5.27257e-05 
-1.1462 -0.00455572 -0.00330745 -0.00302235 -0.00133301 1.48139e-05 -5.26165e-05 
-1.13917 -0.00456923 -0.00332187 -0.00303624 -0.00133998 1.47819e-05 -5.25086e-05 
-1.13217 -0.00458285 -0.00333639 -0.00305023 -0.00134701 1.47502e-05 -5.24021e-05 
-1.12519 -0.00459656 -0.00335102 -0.00306433 -0.00135408 1.47189e-05 -5.22969e-05 
-1.11824 -0.00461037 -0.00336576 -0.00307853 -0.00136121 1.4688e-05 -5.2193e-05 
-1.11131 -0.00462428 -0.00338061 -0.00309285 -0.00136839 1.46574e-05 -5.20905e-05 
-1.1044 -0.0046383 -0.00339558 -0.00310727 -0.00137563 1.46272e-05 -5.19893e-05 
-1.09752 -0.00465242 -0.00341066 -0.00312181 -0.00138293 1.45974e-05 -5.18894e-05 
-1.09066 -0.00466664 -0.00342587 -0.00313646 -0.00139028 1.45679e-05 -5.17908e-05 
-1.08382 -0.00468097 -0.00344119 -0.00315123 -0.00139769 1.45388e-05 -5.16936e-05 
-1.07701 -0.00469541 -0.00345664 -0.00316612 -0.00140516 1.45101e-05 -5.15976e-05 
-1.07022 -0.00470997 -0.00347221 -0.00318113 -0.00141269 1.44817e-05 -5.15028e-05 
-1.06345 -0.00472463 -0.0034879 -0.00319626 -0.00142028 1.44536e-05 -5.14094e-05 
-1.05671 -0.00473941 -0.00350373 -0.00321152 -0.00142793 1.44259e-05 -5.13172e-05 
-1.04999 -0.00475431 -0.00351969 -0.00322691 -0.00143565 1.43985e-05 -5.12263e-05 
-1.04328 -0.00476932 -0.00353578 -0.00324242 -0.00144343 1.43715e-05 -5.11367e-05 
-1.0366 -0.00478445 -0.003552 -0.00325806 -0.00145128 1.43448e-05 -5.10482e-05 
-1.02995 -0.00479971 -0.00356836 -0.00327384 -0.00145919 1.43185e-05 -5.09611e-05 
-1.02331 -0.00481508 -0.00358487 -0.00328976 -0.00146717 1.42925e-05 -5.08751e-05 
-1.01669 -0.00483058 -0.00360151 -0.00330581 -0.00147522 1.42668e-05 -5.07904e-05 
-1.0101 -0.00484621 -0.0036183 -0.003322 -0.00148334 1.42415e-05 -5.07069e-05 
-1.00353 -0.00486197 -0.00363524 -0.00333834 -0.00149154 1.42165e-05 -5.06247e-05 
-0.996972 -0.00487785 -0.00365232 -0.00335482 -0.0014998 1.41918e-05 -5.05436e-05 
-0.990438 -0.00489387 -0.00366956 -0.00337145 -0.00150815 1.41675e-05 -5.04637e-05 
-0.983925 -0.00491003 -0.00368695 -0.00338823 -0.00151656 1.41435e-05 -5.03851e-05 
-0.977431 -0.00492632 -0.0037045 -0.00340516 -0.00152506 1.41198e-05 -5.03076e-05 
-0.970958 -0.00494275 -0.00372221 -0.00342225 -0.00153363 1.40964e-05 -5.02313e-05 
-0.964503 -0.00495932 -0.00374008 -0.00343949 -0.00154228 1.40733e-05 -5.01562e-05 
-0.958068 -0.00497603 -0.00375811 -0.0034569 -0.00155101 1.40506e-05 -5.00823e-05 
-0.951652 -0.00499288 -0.00377632 -0.00347447 -0.00155983 1.40282e-05 -5.00096e-05 
-0.945256 -0.00500989 -0.00379469 -0.0034922 -0.00156873 1.40061e-05 -4.9938e-05 
-0.938877 -0.00502704 -0.00381324 -0.0035101 -0.00157771 1.39843e-05 -4.98676e-05 
-0.932518 -0.00504434 -0.00383196 -0.00352818 -0.00158678 1.39628e-05 -4.97983e-05 
-0.926177 -0.00506179 -0.00385086 -0.00354643 -0.00159594 1.39417e-05 -4.97302e-05 
-0.919853 -0.00507941 -0.00386994 -0.00356486 -0.00160519 1.39208e-05 -4.96633e-05 
-0.913549 -0.00509717 -0.00388921 -0.00358346 -0.00161453 1.39002e-05 -4.95975e-05 
-0.907261 -0.0051151 -0.00390867 -0.00360225 -0.00162397 1.388e-05 -4.95328e-05 
-0.900992 -0.00513319 -0.00392832 -0.00362123 -0.0016335 1.38601e-05 -4.94693e-05 
-0.89474 -0.00515145 -0.00394816 -0.0036404 -0.00164312 1.38404e-05 -4.94069e-05 
-0.888506 -0.00516987 -0.0039682 -0.00365976 -0.00165285 1.38211e-05 -4.93457e-05 
-0.882288 -0.00518846 -0.00398844 -0.00367932 -0.00166267 1.3802e-05 -4.92855e-05 
-0.876088 -0.00520723 -0.00400888 -0.00369908 -0.0016726 1.37833e-05 -4.92265e-05 
-0.869904 -0.00522617 -0.00402954 -0.00371904 -0.00168263 1.37649e-05 -4.91687e-05 
-0.863738 -0.00524529 -0.0040504 -0.0037392 -0.00169277 1.37467e-05 -4.91119e-05 
-0.857587 -0.00526458 -0.00407148 -0.00375958 -0.00170301 1.37289e-05 -4.90563e-05 
-0.851453 -0.00528406 -0.00409278 -0.00378017 -0.00171336 1.37113e-05 -4.90018e-05 
-0.845336 -0.00530373 -0.0041143 -0.00380098 -0.00172383 1.3694e-05 -4.89483e-05 
-0.839234 -0.00532358 -0.00413605 -0.00382202 -0.00173441 1.36771e-05 -4.8896e-05 
-0.833148 -0.00534362 -0.00415803 -0.00384327 -0.0017451 1.36604e-05 -4.88449e-05 
-0.827078 -0.00536386 -0.00418024 -0.00386476 -0.00175591 1.3644e-05 -4.87948e-05 
-0.821023 -0.0053843 -0.0042027 -0.00388648 -0.00176685 1.36279e-05 -4.87458e-05 
-0.814984 -0.00540493 -0.00422539 -0.00390844 -0.0017779 1.36121e-05 -4.86979e-05 
-0.808961 -0.00542577 -0.00424833 -0.00393064 -0.00178908 1.35965e-05 -4.86511e-05 
-0.802952 -0.00544681 -0.00427152 -0.00395309 -0.00180038 1.35813e-05 -4.86055e-05 
-0.796958 -0.00546806 -0.00429497 -0.00397579 -0.00181182 1.35663e-05 -4.85609e-05 
-0.790979 -0.00548953 -0.00431868 -0.00399874 -0.00182338 1.35516e-05 -4.85174e-05 
-0.785015 -0.00551121 -0.00434265 -0.00402195 -0.00183508 1.35372e-05 -4.8475e-05 
-0.779065 -0.00553311 -0.00436689 -0.00404543 -0.00184692 1.35231e-05 -4.84337e-05 
-0.77313 -0.00555523 -0.00439141 -0.00406918 -0.0018589 1.35093e-05 -4.83935e-05 
-0.767209 -0.00557757 -0.00441621 -0.0040932 -0.00187102 1.34957e-05 -4.83544e-05 
-0.761302 -0.00560015 -0.00444129 -0.0041175 -0.00188328 1.34824e-05 -4.83164e-05 
-0.755409 -0.00562296 -0.00446666 -0.00414209 -0.00189569 1.34694e-05 -4.82794e-05 
-0.749529 -0.005646 -0.00449233 -0.00416697 -0.00190825 1.34567e-05 -4.82436e-05 
-0.743664 -0.00566929 -0.00451829 -0.00419214 -0.00192096 1.34442e-05 -4.82089e-05 
-0.737812 -0.00569282 -0.00454456 -0.00421762 -0.00193383 1.34321e-05 -4.81752e-05 
-0.731973 -0.00571659 -0.00457115 -0.0042434 -0.00194686 1.34202e-05 -4.81426e-05 
-0.726148 -0.00574062 -0.00459805 -0.00426949 -0.00196006 1.34085e-05 -4.81112e-05 
-0.720335 -0.00576491 -0.00462527 -0.0042959 -0.00197341 1.33972e-05 -4.80808e-05 
-0.714536 -0.00578945 -0.00465283 -0.00432264 -0.00198694 1.33861e-05 -4.80515e-05 
-0.70875 -0.00581426 -0.00468072 -0.00434971 -0.00200064 1.33753e-05 -4.80234e-05 
-0.702976 -0.00583934 -0.00470895 -0.00437712 -0.00201452 1.33648e-05 -4.79963e-05 
-0.697215 -0.00586469 -0.00473753 -0.00440487 -0.00202857 1.33545e-05 -4.79703e-05 
-0.691466 -0.00589032 -0.00476646 -0.00443297 -0.00204281 1.33445e-05 -4.79454e-05 
-0.68573 -0.00591623 -0.00479576 -0.00446143 -0.00205724 1.33348e-05 -4.79216e-05 
-0.680006 -0.00594243 -0.00482543 -0.00449025 -0.00207186 1.33253e-05 -4.7899e-05 
-0.674294 -0.00596892 -0.00485548 -0.00451945 -0.00208667 1.33161e-05 -4.78774e-05 
-0.668593 -0.0059957 -0.0048859 -0.00454902 -0.00210168 1.33072e-05 -4.78569e-05 
-0.662905 -0.00602279 -0.00491673 -0.00457899 -0.00211689 1.32986e-05 -4.78376e-05 
-0.657229 -0.00605018 -0.00494795 -0.00460935 -0.00213232 1.32902e-05 -4.78193e-05 
-0.651564 -0.00607789 -0.00497957 -0.00464011 -0.00214795 1.32821e-05 -4.78022e-05 
-0.64591 -0.00610591 -0.00501162 -0.00467128 -0.0021638 1.32742e-05 -4.77862e-05 
-0.640268 -0.00613426 -0.00504409 -0.00470288 -0.00217988 1.32666e-05 -4.77713e-05 
-0.634637 -0.00616294 -0.00507699 -0.0047349 -0.00219618 1.32593e-05 -4.77576e-05 
-0.629017 -0.00619195 -0.00511033 -0.00476737 -0.00221271 1.32523e-05 -4.7745e-05 
-0.623408 -0.0062213 -0.00514413 -0.00480028 -0.00222947 1.32455e-05 -4.77335e-05 
-0.61781 -0.006251 -0.00517838 -0.00483365 -0.00224648 1.3239e-05 -4.77232e-05 
-0.612222 -0.00628105 -0.00521311 -0.00486748 -0.00226374 1.32328e-05 -4.7714e-05 
-0.606646 -0.00631145 -0.00524832 -0.00490179 -0.00228125 1.32268e-05 -4.77059e-05 
-0.601079 -0.00634223 -0.00528402 -0.00493659 -0.00229901 1.32211e-05 -4.7699e-05 
-0.595524 -0.00637338 -0.00532022 -0.00497189 -0.00231705 1.32156e-05 -4.76933e-05 
-0.589978 -0.0064049 -0.00535693 -0.0050077 -0.00233535 1.32104e-05 -4.76887e-05 
-0.584442 -0.00643681 -0.00539416 -0.00504402 -0.00235393 1.32055e-05 -4.76853e-05 
-0.578917 -0.00646912 -0.00543193 -0.00508088 -0.00237279 1.32009e-05 -4.76831e-05 
-0.573402 -0.00650183 -0.00547025 -0.00511829 -0.00239194 1.31965e-05 -4.76821e-05 
-0.567896 -0.00653494 -0.00550912 -0.00515625 -0.00241139 1.31924e-05 -4.76822e-05 
-0.5624 -0.00656848 -0.00554857 -0.00519478 -0.00243114 1.31885e-05 -4.76836e-05 
-0.556913 -0.00660243 -0.0055886 -0.0052339 -0.00245121 1.31849e-05 -4.76862e-05 
-0.551437 -0.00663682 -0.00562923 -0.00527361 -0.00247159 1.31816e-05 -4.76899e-05 
-0.545969 -0.00667165 -0.00567048 -0.00531393 -0.00249231 1.31785e-05 -4.76949e-05 
-0.540511 -0.00670693 -0.00571235 -0.00535487 -0.00251335 1.31757e-05 -4.77012e-05 
-0.535062 -0.00674267 -0.00575485 -0.00539646 -0.00253474 1.31732e-05 -4.77086e-05 
-0.529622 -0.00677888 -0.00579802 -0.0054387 -0.00255649 1.3171e-05 -4.77173e-05 
-0.52419 -0.00681557 -0.00584186 -0.00548161 -0.00257859 1.3169e-05 -4.77273e-05 
-0.518768 -0.00685274 -0.00588638 -0.00552522 -0.00260107 1.31672e-05 -4.77385e-05 
-0.513355 -0.00689041 -0.00593161 -0.00556952 -0.00262392 1.31658e-05 -4.77511e-05 
-0.50795 -0.00692859 -0.00597756 -0.00561455 -0.00264717 1.31646e-05 -4.77649e-05 
-0.502553 -0.00696729 -0.00602425 -0.00566032 -0.00267081 1.31636e-05 -4.778e-05 
-0.497165 -0.00700652 -0.0060717 -0.00570685 -0.00269487 1.3163e-05 -4.77964e-05 
-0.491786 -0.00704628 -0.00611993 -0.00575416 -0.00271935 1.31626e-05 -4.78142e-05 
-0.486414 -0.00708661 -0.00616895 -0.00580227 -0.00274427 1.31625e-05 -4.78332e-05 
-0.481051 -0.00712749 -0.00621879 -0.0058512 -0.00276963 1.31626e-05 -4.78537e-05 
-0.475695 -0.00716896 -0.00626947 -0.00590097 -0.00279545 1.3163e-05 -4.78755e-05 
-0.470348 -0.00721101 -0.00632101 -0.0059516 -0.00282174 1.31637e-05 -4.78987e-05 
-0.465008 -0.00725367 -0.00637343 -0.00600313 -0.00284851 1.31646e-05 -4.79232e-05 
-0.459676 -0.00729694 -0.00642676 -0.00605556 -0.00287578 1.31658e-05 -4.79492e-05 
-0.454352 -0.00734084 -0.00648102 -0.00610894 -0.00290357 1.31673e-05 -4.79766e-05 
-0.449035 -0.00738539 -0.00653624 -0.00616328 -0.00293188 1.3169e-05 -4.80055e-05 
-0.443726 -0.00743061 -0.00659244 -0.0062186 -0.00296074 1.31711e-05 -4.80358e-05 
-0.438424 -0.00747649 -0.00664965 -0.00627495 -0.00299015 1.31733e-05 -4.80676e-05 
-0.433129 -0.00752308 -0.0067079 -0.00633234 -0.00302014 1.31759e-05 -4.81009e-05 
-0.427841 -0.00757037 -0.00676722 -0.00639081 -0.00305073 1.31787e-05 -4.81358e-05 
-0.42256 -0.00761838 -0.00682763 -0.0064504 -0.00308193 1.31818e-05 -4.81721e-05 
-0.417286 -0.00766715 -0.00688918 -0.00651112 -0.00311376 1.31852e-05 -4.821e-05 
-0.412019 -0.00771667 -0.00695188 -0.00657302 -0.00314624 1.31888e-05 -4.82496e-05 
-0.406759 -0.00776698 -0.00701579 -0.00663613 -0.00317939 1.31927e-05 -4.82907e-05 
-0.401506 -0.0078181 -0.00708093 -0.0067005 -0.00321324 1.31969e-05 -4.83334e-05 
-0.396258 -0.00787003 -0.00714734 -0.00676615 -0.00324781 1.32013e-05 -4.83778e-05 
-0.391018 -0.00792282 -0.00721507 -0.00683313 -0.00328311 1.3206e-05 -4.84239e-05 
-0.385784 -0.00797647 -0.00728414 -0.00690148 -0.00331918 1.3211e-05 -4.84717e-05 
-0.380556 -0.00803101 -0.00735461 -0.00697124 -0.00335604 1.32163e-05 -4.85213e-05 
-0.375334 -0.00808647 -0.00742651 -0.00704247 -0.00339372 1.32218e-05 -4.85726e-05 
-0.370118 -0.00814286 -0.0074999 -0.00711521 -0.00343224 1.32276e-05 -4.86258e-05 
-0.364908 -0.00820023 -0.00757482 -0.0071895 -0.00347165 1.32336e-05 -4.86807e-05 
-0.359704 -0.00825859 -0.00765133 -0.00726541 -0.00351196 1.32399e-05 -4.87376e-05 
-0.354506 -0.00831798 -0.00772947 -0.00734299 -0.00355321 1.32465e-05 -4.87963e-05 
-0.349314 -0.00837842 -0.00780931 -0.00742229 -0.00359543 1.32534e-05 -4.8857e-05 
-0.344127 -0.00843995 -0.00789089 -0.00750338 -0.00363867 1.32605e-05 -4.89197e-05 
-0.338946 -0.00850259 -0.00797428 -0.00758632 -0.00368296 1.32679e-05 -4.89844e-05 
-0.333771 -0.00856638 -0.00805955 -0.00767117 -0.00372834 1.32755e-05 -4.90512e-05 
-0.3286 -0.00863137 -0.00814677 -0.00775801 -0.00377485 1.32834e-05 -4.91202e-05 
-0.323435 -0.00869758 -0.00823599 -0.00784692 -0.00382254 1.32915e-05 -4.91912e-05 
-0.318275 -0.00876505 -0.00832731 -0.00793796 -0.00387145 1.32999e-05 -4.92646e-05 
-0.313121 -0.00883383 -0.00842078 -0.00803122 -0.00392163 1.33086e-05 -4.93401e-05 
-0.307971 -0.00890396 -0.00851651 -0.00812679 -0.00397315 1.33175e-05 -4.9418e-05 
-0.302826 -0.00897549 -0.00861457 -0.00822476 -0.00402604 1.33266e-05 -4.94983e-05 
-0.297686 -0.00904845 -0.00871506 -0.00832523 -0.00408038 1.3336e-05 -4.95811e-05 
-0.292551 -0.00912291 -0.00881806 -0.00842829 -0.00413622 1.33456e-05 -4.96664e-05 
-0.28742 -0.00919892 -0.0089237 -0.00853405 -0.00419363 1.33555e-05 -4.97542e-05 
-0.282294 -0.00927653 -0.00903206 -0.00864263 -0.00425268 1.33655e-05 -4.98447e-05 
-0.277173 -0.0093558 -0.00914328 -0.00875416 -0.00431344 1.33758e-05 -4.9938e-05 
-0.272056 -0.0094368 -0.00925746 -0.00886874 -0.004376 1.33863e-05 -5.00341e-05 
-0.266943 -0.00951958 -0.00937473 -0.00898654 -0.00444044 1.3397e-05 -5.0133e-05 
-0.261834 -0.00960423 -0.00949525 -0.00910767 -0.00450685 1.34079e-05 -5.0235e-05 
-0.25673 -0.00969081 -0.00961913 -0.00923232 -0.00457533 1.3419e-05 -5.03401e-05 
-0.25163 -0.00977941 -0.00974655 -0.00936062 -0.00464598 1.34303e-05 -5.04484e-05 
-0.246533 -0.0098701 -0.00987767 -0.00949277 -0.00471891 1.34417e-05 -5.056e-05 
-0.241441 -0.00996298 -0.0100127 -0.00962894 -0.00479425 1.34532e-05 -5.0675e-05 
-0.236352 -0.0100582 -0.0101517 -0.00976935 -0.00487211 1.34649e-05 -5.07936e-05 
-0.231267 -0.0101557 -0.010295 -0.00991419 -0.00495263 1.34766e-05 -5.09158e-05 
-0.226186 -0.0102558 -0.0104428 -0.0100637 -0.00503597 1.34885e-05 -5.10419e-05 
-0.221108 -0.0103584 -0.0105953 -0.0102181 -0.00512228 1.35004e-05 -5.1172e-05 
-0.216034 -0.0104638 -0.0107527 -0.0103778 -0.00521174 1.35124e-05 -5.13063e-05 
-0.210964 -0.0105721 -0.0109154 -0.0105428 -0.00530453 1.35243e-05 -5.14448e-05 
-0.205896 -0.0106834 -0.0110836 -0.0107137 -0.00540086 1.35362e-05 -5.15879e-05 
-0.200832 -0.0107979 -0.0112576 -0.0108907 -0.00550094 1.3548e-05 -5.17358e-05 
-0.195771 -0.0109158 -0.0114377 -0.0110741 -0.00560502 1.35598e-05 -5.18886e-05 
-0.190713 -0.0110372 -0.0116244 -0.0112644 -0.00571335 1.35713e-05 -5.20466e-05 
-0.185658 -0.0111623 -0.0118179 -0.0114621 -0.00582624 1.35826e-05 -5.221e-05 
-0.180606 -0.0112914 -0.0120188 -0.0116674 -0.00594398 1.35936e-05 -5.23792e-05 
-0.175557 -0.0114247 -0.0122275 -0.0118811 -0.00606692 1.36042e-05 -5.25544e-05 
-0.17051 -0.0115626 -0.0124445 -0.0121035 -0.00619546 1.36143e-05 -5.27361e-05 
-0.165466 -0.0117052 -0.0126704 -0.0123354 -0.00633001 1.36239e-05 -5.29245e-05 
-0.160425 -0.0118529 -0.0129058 -0.0125774 -0.00647103 1.36327e-05 -5.31201e-05 
-0.155386 -0.0120061 -0.0131514 -0.0128303 -0.00661906 1.36407e-05 -5.33234e-05 
-0.15035 -0.0121651 -0.0134079 -0.0130948 -0.00677468 1.36477e-05 -5.35348e-05 
-0.145316 -0.0123306 -0.0136761 -0.013372 -0.00693854 1.36535e-05 -5.37549e-05 
-0.140284 -0.0125029 -0.013957 -0.0136627 -0.00711138 1.36578e-05 -5.39843e-05 
-0.135255 -0.0126826 -0.0142517 -0.0139682 -0.00729403 1.36603e-05 -5.42238e-05 
-0.130228 -0.0128705 -0.0145611 -0.0142898 -0.00748746 1.36608e-05 -5.44742e-05 
-0.125202 -0.0130673 -0.0148868 -0.0146288 -0.00769274 1.36587e-05 -5.47362e-05 
-0.120179 -0.0132738 -0.0152301 -0.0149869 -0.00791113 1.36535e-05 -5.50111e-05 
-0.115157 -0.0134912 -0.0155926 -0.0153661 -0.00814407 1.36445e-05 -5.52999e-05 
-0.110138 -0.0137206 -0.0159764 -0.0157683 -0.00839326 1.36309e-05 -5.5604e-05 
-0.10512 -0.0139635 -0.0163835 -0.0161961 -0.00866067 1.36115e-05 -5.5925e-05 
-0.100103 -0.0142215 -0.0168164 -0.0166523 -0.00894865 1.35846e-05 -5.62649e-05 
-0.0950886 -0.0144968 -0.017278 -0.0171402 -0.00925999 1.35482e-05 -5.66257e-05 
-0.0900753 -0.0147918 -0.0177716 -0.0176635 -0.00959805 1.34992e-05 -5.70103e-05 
-0.0850634 -0.0151095 -0.018301 -0.0182266 -0.00996691 1.34334e-05 -5.74217e-05 
-0.0800528 -0.0154537 -0.0188706 -0.0188347 -0.0103716 1.33444e-05 -5.7864e-05 
-0.0750435 -0.0158289 -0.0194855 -0.0194938 -0.0108181 1.32231e-05 -5.8342e-05 
-0.0700354 -0.0162408 -0.0201514 -0.0202107 -0.0113143 1.30555e-05 -5.88618e-05 
-0.0650283 -0.0166965 -0.0208747 -0.0209934 -0.0118696 1.28204e-05 -5.9431e-05 
-0.0600222 -0.0172045 -0.0216624 -0.0218502 -0.0124959 1.24856e-05 -6.00589e-05 
-0.0550171 -0.0177752 -0.022521 -0.0227903 -0.0132083 1.20006e-05 -6.07576e-05 
-0.0500128 -0.018421 -0.0234561 -0.0238216 -0.0140251 1.12878e-05 -6.15418e-05 
-0.0450093 -0.0191555 -0.0244693 -0.0249492 -0.0149685 1.02264e-05 -6.24293e-05 
-0.0400065 -0.0199921 -0.0255546 -0.0261706 -0.0160639 8.63113e-06 -6.34404e-05 
-0.0350043 -0.0209405 -0.0266901 -0.0274678 -0.0173376 6.22177e-06 -6.45961e-05 
-0.0300027 -0.0219989 -0.0278261 -0.0287941 -0.0188101 2.58863e-06 -6.59121e-05 
-0.0250016 -0.023141 -0.0288669 -0.030054 -0.0204826 -2.83302e-06 -6.73881e-05 
-0.0200008 -0.024295 -0.0296505 -0.0310801 -0.0223137 -1.07417e-05 -6.89869e-05 
-0.0150003 -0.0253217 -0.0299395 -0.0316187 -0.0241862 -2.18317e-05 -7.06076e-05 
-0.0100001 -0.026007 -0.0294508 -0.0313568 -0.0258819 -3.64652e-05 -7.20641e-05 
-0.005 -0.026103 -0.0279561 -0.0300248 -0.0271008 -5.41976e-05 -7.31014e-05 
9.96071e-17 -0.0254315 -0.0254315 -0.0275598 -0.0275598 -7.34806e-05 -7.34806e-05 
0.005 -0.023999 -0.0221459 -0.0242146 -0.0271386 -9.20052e-05 -7.31014e-05 
0.0100001 -0.0220159 -0.0185721 -0.0204782 -0.0259531 -0.000107663 -7.20641e-05 
0.0150003 -0.0197898 -0.015172 -0.0168512 -0.0242837 -0.000119384 -7.06076e-05 
0.0200008 -0.0175897 -0.0122342 -0.0136638 -0.0224302 -0.000127232 -6.89869e-05 
0.0250016 -0.0155791 -0.00985318 -0.0110403 -0.0206117 -0.000131943 -6.73881e-05 
0.0300027 -0.0138223 -0.00799506 -0.00896302 -0.0189471 -0.000134413 -6.59121e-05 
0.0350043 -0.012321 -0.00657133 -0.00734901 -0.0174792 -0.000135414 -6.45961e-05 
0.0400065 -0.0110478 -0.00548537 -0.00610136 -0.0162081 -0.000135512 -6.34404e-05 
0.0450093 -0.00996698 -0.00465317 -0.00513304 -0.0151138 -0.000135085 -6.24293e-05 
0.0500128 -0.00904372 -0.00400869 -0.00437421 -0.0141707 -0.000134371 -6.15418e-05 
0.0550171 -0.00824836 -0.00350259 -0.00377184 -0.0133538 -0.000133516 -6.07576e-05 
0.0600222 -0.0075568 -0.0030989 -0.00328674 -0.012641 -0.000132603 -6.00589e-05 
0.0650283 -0.00694996 -0.00277171 -0.00289031 -0.0120141 -0.000131682 -5.9431e-05 
0.0700354 -0.00641288 -0.00250233 -0.00256168 -0.0114581 -0.000130779 -5.88618e-05 
0.0750435 -0.00593385 -0.00227728 -0.0022856 -0.0109613 -0.000129907 -5.8342e-05 
0.0800528 -0.00550361 -0.00208671 -0.00205082 -0.010514 -0.000129072 -5.7864e-05 
0.0850634 -0.00511483 -0.00192335 -0.00184895 -0.0101086 -0.000128277 -5.74217e-05 
0.0900753 -0.00476161 -0.0017818 -0.00167366 -0.00973907 -0.00012752 -5.70103e-05 
0.0950886 -0.00443917 -0.00165797 -0.00152015 -0.00940034 -0.0001268 -5.66257e-05 
0.100103 -0.00414359 -0.00154871 -0.00138465 -0.00908835 -0.000126114 -5.62649e-05 
0.10512 -0.00387161 -0.0014516 -0.00126427 -0.00879974 -0.000125462 -5.5925e-05 
0.110138 -0.0036205 -0.00136471 -0.00115665 -0.00853173 -0.000124839 -5.5604e-05 
0.115157 -0.00338795 -0.00128651 -0.00105995 -0.00828196 -0.000124244 -5.52999e-05 
0.120179 -0.00317202 -0.00121577 -0.000972639 -0.00804846 -0.000123676 -5.50111e-05 
0.125202 -0.002971 -0.00115147 -0.000893473 -0.00782953 -0.000123131 -5.47362e-05 
0.130228 -0.00278344 -0.00109279 -0.000821417 -0.00762373 -0.000122609 -5.44742e-05 
0.135255 -0.00260807 -0.00103904 -0.000755608 -0.0074298 -0.000122108 -5.42238e-05 
0.140284 -0.00244378 -0.00098962 -0.000695314 -0.00724666 -0.000121626 -5.39843e-05 
0.145316 -0.0022896 -0.000944053 -0.000639915 -0.00707335 -0.000121163 -5.37549e-05 
0.15035 -0.00214465 -0.000901913 -0.00058888 -0.00690904 -0.000120717 -5.35348e-05 
0.155386 -0.00200817 -0.000862839 -0.000541752 -0.00675299 -0.000120287 -5.33234e-05 
0.160425 -0.00187947 -0.00082652 -0.000498133 -0.00660454 -0.000119873 -5.31201e-05 
0.165466 -0.00175796 -0.000792684 -0.00045768 -0.0064631 -0.000119473 -5.29245e-05 
0.17051 -0.00164307 -0.000761094 -0.00042009 -0.00632816 -0.000119086 -5.27361e-05 
0.175557 -0.00153431 -0.000731543 -0.000385098 -0.00619924 -0.000118713 -5.25544e-05 
0.180606 -0.00143124 -0.000703848 -0.000352469 -0.00607592 -0.000118352 -5.23792e-05 
0.185658 -0.00133346 -0.000677847 -0.000321996 -0.00595782 -0.000118003 -5.221e-05 
0.190713 -0.00124059 -0.000653397 -0.000293495 -0.00584459 -0.000117664 -5.20466e-05 
0.195771 -0.0011523 -0.000630368 -0.000266801 -0.00573591 -0.000117337 -5.18886e-05 
0.200832 -0.00106829 -0.000608648 -0.000241767 -0.00563151 -0.00011702 -5.17358e-05 
0.205896 -0.000988283 -0.000588132 -0.00021826 -0.00553111 -0.000116712 -5.15879e-05 
0.210964 -0.000912019 -0.000568729 -0.000196163 -0.00543447 -0.000116414 -5.14448e-05 
0.216034 -0.000839267 -0.000550356 -0.000175366 -0.00534138 -0.000116125 -5.13063e-05 
0.221108 -0.000769811 -0.000532936 -0.000155774 -0.00525163 -0.000115844 -5.1172e-05 
0.226186 -0.000703453 -0.000516403 -0.000137298 -0.00516503 -0.000115572 -5.10419e-05 
0.231267 -0.000640009 -0.000500693 -0.000119859 -0.00508142 -0.000115308 -5.09158e-05 
0.236352 -0.000579311 -0.000485751 -0.000103383 -0.00500062 -0.000115052 -5.07936e-05 
0.241441 -0.000521202 -0.000471524 -8.78046e-05 -0.0049225 -0.000114803 -5.0675e-05 
0.246533 -0.000465537 -0.000457966 -7.30623e-05 -0.00484692 -0.000114562 -5.056e-05 
0.25163 -0.000412182 -0.000445034 -5.91008e-05 -0.00477374 -0.000114327 -5.04484e-05 
0.25673 -0.000361011 -0.000432687 -4.58689e-05 -0.00470285 -0.000114099 -5.03401e-05 
0.261834 -0.000311907 -0.000420891 -3.332e-05 -0.00463414 -0.000113878 -5.0235e-05 
0.266943 -0.000264763 -0.00040961 -2.14107e-05 -0.0045675 -0.000113663 -5.0133e-05 
0.272056 -0.000219475 -0.000398815 -1.01013e-05 -0.00450284 -0.000113454 -5.00341e-05 
0.277173 -0.000175951 -0.000388476 6.44963e-07 -0.00444007 -0.000113252 -4.9938e-05 
0.282294 -0.000134101 -0.000378568 1.0862e-05 -0.0043791 -0.000113055 -4.98447e-05 
0.28742 -9.38415e-05 -0.000369065 2.05812e-05 -0.00431984 -0.000112864 -4.97542e-05 
0.292551 -5.50957e-05 -0.000359946 2.98317e-05 -0.00426224 -0.000112678 -4.96664e-05 
0.297686 -1.77903e-05 -0.000351188 3.86406e-05 -0.00420621 -0.000112498 -4.95811e-05 
0.302826 1.81432e-05 -0.000342774 4.70329e-05 -0.00415169 -0.000112323 -4.94983e-05 
0.307971 5.27693e-05 -0.000334683 5.50321e-05 -0.00409862 -0.000112154 -4.9418e-05 
0.313121 8.61486e-05 -0.0003269 6.266e-05 -0.00404693 -0.000111989 -4.93401e-05 
0.318275 0.000118338 -0.000319408 6.99367e-05 -0.00399658 -0.000111829 -4.92646e-05 
0.323435 0.000149392 -0.000312193 7.68812e-05 -0.0039475 -0.000111674 -4.91912e-05 
0.3286 0.00017936 -0.000305241 8.35113e-05 -0.00389966 -0.000111524 -4.91202e-05 
0.333771 0.000208292 -0.000298539 8.98435e-05 -0.00385299 -0.000111378 -4.90512e-05 
0.338946 0.000236231 -0.000292074 9.58931e-05 -0.00380746 -0.000111237 -4.89844e-05 
0.344127 0.000263221 -0.000285835 0.000101675 -0.00376303 -0.0001111 -4.89197e-05 
0.349314 0.000289303 -0.000279812 0.000107202 -0.00371965 -0.000110967 -4.8857e-05 
0.354506 0.000314514 -0.000273994 0.000112488 -0.00367729 -0.000110839 -4.87963e-05 
0.359704 0.000338892 -0.000268372 0.000117544 -0.00363591 -0.000110715 -4.87376e-05 
0.364908 0.00036247 -0.000262937 0.000122382 -0.00359548 -0.000110595 -4.86807e-05 
0.370118 0.000385281 -0.000257681 0.000127012 -0.00355595 -0.000110479 -4.86258e-05 
0.375334 0.000407356 -0.000252596 0.000131445 -0.00351731 -0.000110367 -4.85726e-05 
0.380556 0.000428726 -0.000247674 0.000135689 -0.00347952 -0.000110259 -4.85213e-05 
0.385784 0.000449417 -0.000242908 0.000139754 -0.00344255 -0.000110155 -4.84717e-05 
0.391018 0.000469456 -0.000238292 0.000143647 -0.00340637 -0.000110054 -4.84239e-05 
0.396258 0.000488869 -0.000233819 0.000147378 -0.00337096 -0.000109957 -4.83778e-05 
0.401506 0.00050768 -0.000229484 0.000150953 -0.0033363 -0.000109864 -4.83334e-05 
0.406759 0.000525912 -0.00022528 0.000154379 -0.00330236 -0.000109774 -4.82907e-05 
0.412019 0.000543587 -0.000221202 0.000157663 -0.00326912 -0.000109688 -4.82496e-05 
0.417286 0.000560726 -0.000217246 0.000160811 -0.00323655 -0.000109605 -4.821e-05 
0.42256 0.000577349 -0.000213405 0.00016383 -0.00320464 -0.000109526 -4.81721e-05 
0.427841 0.000593474 -0.000209677 0.000166724 -0.00317336 -0.00010945 -4.81358e-05 
0.433129 0.000609121 -0.000206056 0.000169501 -0.0031427 -0.000109378 -4.81009e-05 
0.438424 0.000624305 -0.000202539 0.000172163 -0.00311263 -0.000109309 -4.80676e-05 
0.443726 0.000639045 -0.000199121 0.000174717 -0.00308315 -0.000109243 -4.80358e-05 
0.449035 0.000653356 -0.000195798 0.000177167 -0.00305423 -0.00010918 -4.80055e-05 
0.454352 0.000667252 -0.000192568 0.000179517 -0.00302585 -0.000109121 -4.79766e-05 
0.459676 0.00068075 -0.000189427 0.000181771 -0.00299801 -0.000109064 -4.79492e-05 
0.465008 0.000693862 -0.000186371 0.000183934 -0.00297068 -0.000109011 -4.79232e-05 
0.470348 0.000706601 -0.000183397 0.000186009 -0.00294386 -0.000108961 -4.78987e-05 
0.475695 0.000718982 -0.000180503 0.000188 -0.00291752 -0.000108914 -4.78755e-05 
0.481051 0.000731015 -0.000177685 0.00018991 -0.00289166 -0.00010887 -4.78537e-05 
0.486414 0.000742713 -0.000174941 0.000191742 -0.00286626 -0.000108829 -4.78332e-05 
0.491786 0.000754088 -0.000172269 0.0001935 -0.00284131 -0.000108791 -4.78142e-05 
0.497165 0.000765149 -0.000169666 0.000195186 -0.00281679 -0.000108756 -4.77964e-05 
0.502553 0.000775907 -0.000167129 0.000196804 -0.0027927 -0.000108724 -4.778e-05 
0.50795 0.000786372 -0.000164657 0.000198355 -0.00276903 -0.000108694 -4.77649e-05 
0.513355 0.000796554 -0.000162247 0.000199843 -0.00274576 -0.000108668 -4.77511e-05 
0.518768 0.000806463 -0.000159897 0.00020127 -0.00272288 -0.000108644 -4.77385e-05 
0.52419 0.000816106 -0.000157605 0.000202638 -0.00270038 -0.000108624 -4.77273e-05 
0.529622 0.000825492 -0.00015537 0.00020395 -0.00267826 -0.000108606 -4.77173e-05 
0.535062 0.00083463 -0.000153189 0.000205207 -0.00265651 -0.00010859 -4.77086e-05 
0.540511 0.000843528 -0.000151061 0.000206412 -0.00263511 -0.000108578 -4.77012e-05 
0.545969 0.000852193 -0.000148983 0.000207567 -0.00261405 -0.000108568 -4.76949e-05 
0.551437 0.000860632 -0.000146956 0.000208673 -0.00259334 -0.000108561 -4.76899e-05 
0.556913 0.000868852 -0.000144976 0.000209733 -0.00257295 -0.000108557 -4.76862e-05 
0.5624 0.000876861 -0.000143043 0.000210748 -0.00255289 -0.000108556 -4.76836e-05 
0.567896 0.000884664 -0.000141155 0.000211719 -0.00253314 -0.000108557 -4.76822e-05 
0.573402 0.000892269 -0.000139311 0.000212649 -0.0025137 -0.000108561 -4.76821e-05 
0.578917 0.00089968 -0.000137509 0.000213539 -0.00249456 -0.000108567 -4.76831e-05 
0.584442 0.000906905 -0.000135748 0.00021439 -0.00247571 -0.000108576 -4.76853e-05 
0.589978 0.000913948 -0.000134027 0.000215204 -0.00245715 -0.000108588 -4.76887e-05 
0.595524 0.000920816 -0.000132345 0.000215981 -0.00243886 -0.000108602 -4.76933e-05 
0.601079 0.000927512 -0.0001307 0.000216724 -0.00242085 -0.000108619 -4.7699e-05 
0.606646 0.000934043 -0.000129093 0.000217434 -0.00240311 -0.000108639 -4.77059e-05 
0.612222 0.000940414 -0.00012752 0.000218111 -0.00238563 -0.000108661 -4.7714e-05 
0.61781 0.000946628 -0.000125982 0.000218757 -0.00236841 -0.000108685 -4.77232e-05 
0.623408 0.000952692 -0.000124478 0.000219373 -0.00235143 -0.000108713 -4.77335e-05 
0.629017 0.000958608 -0.000123006 0.00021996 -0.0023347 -0.000108742 -4.7745e-05 
0.634637 0.000964382 -0.000121566 0.000220518 -0.00231821 -0.000108775 -4.77576e-05 
0.640268 0.000970017 -0.000120157 0.00022105 -0.00230195 -0.000108809 -4.77713e-05 
0.64591 0.000975517 -0.000118778 0.000221556 -0.00228592 -0.000108847 -4.77862e-05 
0.651564 0.000980887 -0.000117428 0.000222036 -0.00227012 -0.000108887 -4.78022e-05 
0.657229 0.00098613 -0.000116107 0.000222493 -0.00225454 -0.000108929 -4.78193e-05 
0.662905 0.00099125 -0.000114813 0.000222925 -0.00223917 -0.000108974 -4.78376e-05 
0.668593 0.00099625 -0.000113547 0.000223335 -0.00222401 -0.000109021 -4.78569e-05 
0.674294 0.00100113 -0.000112306 0.000223723 -0.00220906 -0.000109071 -4.78774e-05 
0.680006 0.0010059 -0.000111091 0.00022409 -0.0021943 -0.000109123 -4.7899e-05 
0.68573 0.00101056 -0.000109901 0.000224436 -0.00217975 -0.000109178 -4.79216e-05 
0.691466 0.00101512 -0.000108735 0.000224762 -0.00216539 -0.000109235 -4.79454e-05 
0.697215 0.00101957 -0.000107593 0.000225069 -0.00215122 -0.000109295 -4.79703e-05 
0.702976 0.00102392 -0.000106474 0.000225358 -0.00213724 -0.000109357 -4.79963e-05 
0.70875 0.00102817 -0.000105377 0.000225629 -0.00212344 -0.000109422 -4.80234e-05 
0.714536 0.00103232 -0.000104303 0.000225882 -0.00210982 -0.000109489 -4.80515e-05 
0.720335 0.00103639 -0.000103249 0.000226119 -0.00209637 -0.000109559 -4.80808e-05 
0.726148 0.00104036 -0.000102217 0.000226339 -0.0020831 -0.000109631 -4.81112e-05 
0.731973 0.00104424 -0.000101205 0.000226544 -0.00206999 -0.000109705 -4.81426e-05 
0.737812 0.00104804 -0.000100213 0.000226734 -0.00205705 -0.000109782 -4.81752e-05 
0.743664 0.00105176 -9.92402e-05 0.000226909 -0.00204427 -0.000109862 -4.82089e-05 
0.749529 0.00105539 -9.82865e-05 0.00022707 -0.00203165 -0.000109944 -4.82436e-05 
0.755409 0.00105895 -9.73512e-05 0.000227217 -0.00201919 -0.000110028 -4.82794e-05 
0.761302 0.00106242 -9.6434e-05 0.00022735 -0.00200688 -0.000110115 -4.83164e-05 
0.767209 0.00106583 -9.55345e-05 0.000227471 -0.00199472 -0.000110204 -4.83544e-05 
0.77313 0.00106916 -9.46522e-05 0.00022758 -0.0019827 -0.000110296 -4.83935e-05 
0.779065 0.00107242 -9.37868e-05 0.000227676 -0.00197083 -0.00011039 -4.84337e-05 
0.785015 0.00107562 -9.29379e-05 0.000227761 -0.00195911 -0.000110487 -4.8475e-05 
0.790979 0.00107874 -9.2105e-05 0.000227834 -0.00194752 -0.000110586 -4.85174e-05 
0.796958 0.0010818 -9.1288e-05 0.000227897 -0.00193607 -0.000110688 -4.85609e-05 
0.802952 0.0010848 -9.04863e-05 0.000227949 -0.00192476 -0.000110792 -4.86055e-05 
0.808961 0.00108774 -8.96996e-05 0.00022799 -0.00191357 -0.000110899 -4.86511e-05 
0.814984 0.00109061 -8.89277e-05 0.000228022 -0.00190252 -0.000111008 -4.86979e-05 
0.821023 0.00109343 -8.81702e-05 0.000228044 -0.00189159 -0.000111119 -4.87458e-05 
0.827078 0.00109619 -8.74269e-05 0.000228057 -0.00188079 -0.000111234 -4.87948e-05 
0.833148 0.00109889 -8.66973e-05 0.000228061 -0.00187011 -0.00011135 -4.88449e-05 
0.839234 0.00110155 -8.59812e-05 0.000228055 -0.00185955 -0.000111469 -4.8896e-05 
0.845336 0.00110414 -8.52783e-05 0.000228042 -0.00184911 -0.000111591 -4.89483e-05 
0.851453 0.00110669 -8.45884e-05 0.00022802 -0.00183879 -0.000111715 -4.90018e-05 
0.857587 0.00110919 -8.39112e-05 0.000227991 -0.00182858 -0.000111841 -4.90563e-05 
0.863738 0.00111164 -8.32464e-05 0.000227953 -0.00181848 -0.000111971 -4.91119e-05 
0.869904 0.00111404 -8.25938e-05 0.000227908 -0.0018085 -0.000112102 -4.91687e-05 
0.876088 0.00111639 -8.1953e-05 0.000227856 -0.00179862 -0.000112236 -4.92265e-05 
0.882288 0.0011187 -8.1324e-05 0.000227797 -0.00178885 -0.000112373 -4.92855e-05 
0.888506 0.00112097 -8.07064e-05 0.000227731 -0.00177918 -0.000112512 -4.93457e-05 
0.89474 0.00112319 -8.01e-05 0.000227658 -0.00176962 -0.000112654 -4.94069e-05 
0.900992 0.00112537 -7.95047e-05 0.000227579 -0.00176016 -0.000112799 -4.94693e-05 
0.907261 0.00112751 -7.89201e-05 0.000227494 -0.00175079 -0.000112946 -4.95328e-05 
0.913549 0.00112962 -7.83461e-05 0.000227403 -0.00174153 -0.000113095 -4.95975e-05 
0.919853 0.00113168 -7.77825e-05 0.000227306 -0.00173236 -0.000113247 -4.96633e-05 
0.926177 0.00113371 -7.7229e-05 0.000227203 -0.00172328 -0.000113402 -4.97302e-05 
0.932518 0.00113569 -7.66855e-05 0.000227095 -0.0017143 -0.000113559 -4.97983e-05 
0.938877 0.00113765 -7.61518e-05 0.000226981 -0.00170541 -0.000113719 -4.98676e-05 
0.945256 0.00113957 -7.56278e-05 0.000226862 -0.00169661 -0.000113882 -4.9938e-05 
0.951652 0.00114145 -7.51132e-05 0.000226738 -0.0016879 -0.000114047 -5.00096e-05 
0.958068 0.00114331 -7.46078e-05 0.000226609 -0.00167928 -0.000114215 -5.00823e-05 
0.964503 0.00114513 -7.41115e-05 0.000226476 -0.00167074 -0.000114386 -5.01562e-05 
0.970958 0.00114691 -7.36242e-05 0.000226337 -0.00166228 -0.000114559 -5.02313e-05 
0.977431 0.00114867 -7.31456e-05 0.000226195 -0.00165391 -0.000114735 -5.03076e-05 
0.983925 0.0011504 -7.26757e-05 0.000226048 -0.00164562 -0.000114914 -5.03851e-05 
0.990438 0.0011521 -7.22142e-05 0.000225896 -0.00163741 -0.000115095 -5.04637e-05 
0.996972 0.00115377 -7.1761e-05 0.000225741 -0.00162928 -0.000115279 -5.05436e-05 
1.00353 0.00115541 -7.1316e-05 0.000225581 -0.00162122 -0.000115466 -5.06247e-05 
1.0101 0.00115703 -7.0879e-05 0.000225418 -0.00161324 -0.000115655 -5.07069e-05 
1.01669 0.00115862 -7.045e-05 0.000225251 -0.00160534 -0.000115848 -5.07904e-05 
1.02331 0.00116019 -7.00287e-05 0.00022508 -0.00159751 -0.000116043 -5.08751e-05 
1.02995 0.00116173 -6.9615e-05 0.000224905 -0.00158975 -0.000116241 -5.09611e-05 
1.0366 0.00116324 -6.92088e-05 0.000224727 -0.00158206 -0.000116441 -5.10482e-05 
1.04328 0.00116473 -6.881e-05 0.000224546 -0.00157444 -0.000116645 -5.11367e-05 
1.04999 0.0011662 -6.84185e-05 0.000224361 -0.0015669 -0.000116851 -5.12263e-05 
1.05671 0.00116765 -6.80342e-05 0.000224173 -0.00155942 -0.00011706 -5.13172e-05 
1.06345 0.00116907 -6.76568e-05 0.000223982 -0.001552 -0.000117272 -5.14094e-05 
1.07022 0.00117047 -6.72864e-05 0.000223788 -0.00154466 -0.000117487 -5.15028e-05 
1.07701 0.00117186 -6.69228e-05 0.000223591 -0.00153737 -0.000117705 -5.15976e-05 
1.08382 0.00117322 -6.65659e-05 0.000223391 -0.00153015 -0.000117926 -5.16936e-05 
1.09066 0.00117456 -6.62156e-05 0.000223188 -0.001523 -0.00011815 -5.17908e-05 
1.09752 0.00117588 -6.58718e-05 0.000222982 -0.0015159 -0.000118376 -5.18894e-05 
1.1044 0.00117718 -6.55344e-05 0.000222773 -0.00150887 -0.000118606 -5.19893e-05 
1.11131 0.00117847 -6.52033e-05 0.000222562 -0.00150189 -0.000118838 -5.20905e-05 
1.11824 0.00117973 -6.48785e-05 0.000222348 -0.00149497 -0.000119074 -5.2193e-05 
1.12519 0.00118098 -6.45597e-05 0.000222132 -0.00148811 -0.000119313 -5.22969e-05 
1.13217 0.00118221 -6.4247e-05 0.000221913 -0.00148131 -0.000119554 -5.24021e-05 
1.13917 0.00118342 -6.39403e-05 0.000221692 -0.00147456 -0.000119799 -5.25086e-05 
1.1462 0.00118462 -6.36394e-05 0.000221468 -0.00146787 -0.000120047 -5.26165e-05 
1.15325 0.0011858 -6.33443e-05 0.000221242 -0.00146123 -0.000120298 -5.27257e-05 
1.16033 0.00118697 -6.30549e-05 0.000221013 -0.00145464 -0.000120552 -5.28364e-05 
1.16743 0.00118812 -6.27712e-05 0.000220782 -0.00144811 -0.000120809 -5.29484e-05 
1.17456 0.00118925 -6.2493e-05 0.000220549 -0.00144163 -0.000121069 -5.30617e-05 
1.18172 0.00119038 -6.22202e-05 0.000220314 -0.0014352 -0.000121333 -5.31765e-05 
1.1889 0.00119148 -6.19529e-05 0.000220077 -0.00142881 -0.0001216 -5.32927e-05 
1.19611 0.00119257 -6.16909e-05 0.000219837 -0.00142248 -0.00012187 -5.34104e-05 
1.20334 0.00119365 -6.14342e-05 0.000219595 -0.00141619 -0.000122143 -5.35294e-05 
1.21061 0.00119472 -6.11827e-05 0.000219352 -0.00140995 -0.000122419 -5.36499e-05 
1.2179 0.00119577 -6.09363e-05 0.000219106 -0.00140376 -0.000122699 -5.37718e-05 
1.22521 0.00119681 -6.0695e-05 0.000218858 -0.00139761 -0.000122982 -5.38952e-05 
1.23256 0.00119783 -6.04586e-05 0.000218608 -0.00139151 -0.000123269 -5.40201e-05 
1.23993 0.00119885 -6.02273e-05 0.000218356 -0.00138545 -0.000123559 -5.41464e-05 
1.24733 0.00119985 -6.00008e-05 0.000218103 -0.00137943 -0.000123852 -5.42743e-05 
1.25476 0.00120084 -5.97792e-05 0.000217847 -0.00137346 -0.000124149 -5.44036e-05 
1.26222 0.00120182 -5.95623e-05 0.000217589 -0.00136753 -0.000124449 -5.45345e-05 
1.26971 0.00120279 -5.93501e-05 0.000217329 -0.00136164 -0.000124753 -5.46669e-05 
1.27723 0.00120374 -5.91427e-05 0.000217068 -0.00135578 -0.00012506 -5.48008e-05 
1.28478 0.00120469 -5.89398e-05 0.000216805 -0.00134997 -0.000125371 -5.49363e-05 
1.29236 0.00120562 -5.87415e-05 0.000216539 -0.0013442 -0.000125685 -5.50734e-05 
1.29997 0.00120654 -5.85478e-05 0.000216272 -0.00133846 -0.000126003 -5.5212e-05 
1.30761 0.00120746 -5.83585e-05 0.000216003 -0.00133277 -0.000126324 -5.53522e-05 
1.31528 0.00120836 -5.81736e-05 0.000215732 -0.00132711 -0.000126649 -5.5494e-05 
1.32298 0.00120925 -5.79931e-05 0.000215459 -0.00132148 -0.000126978 -5.56374e-05 
1.33071 0.00121014 -5.7817e-05 0.000215185 -0.00131589 -0.000127311 -5.57825e-05 
1.33848 0.00121101 -5.76451e-05 0.000214908 -0.00131033 -0.000127647 -5.59292e-05 
1.34628 0.00121187 -5.74775e-05 0.00021463 -0.00130481 -0.000127987 -5.60776e-05 
1.35411 0.00121273 -5.73141e-05 0.000214349 -0.00129932 -0.000128331 -5.62276e-05 
1.36197 0.00121357 -5.71549e-05 0.000214067 -0.00129387 -0.000128679 -5.63793e-05 
1.36987 0.00121441 -5.69999e-05 0.000213783 -0.00128844 -0.00012903 -5.65327e-05 
1.3778 0.00121524 -5.68489e-05 0.000213497 -0.00128305 -0.000129386 -5.66878e-05 
1.38576 0.00121605 -5.6702e-05 0.000213209 -0.00127769 -0.000129745 -5.68447e-05 
1.39376 0.00121686 -5.65592e-05 0.00021292 -0.00127236 -0.000130109 -5.70033e-05 
1.4018 0.00121766 -5.64203e-05 0.000212628 -0.00126706 -0.000130476 -5.71636e-05 
1.40987 0.00121846 -5.62854e-05 0.000212334 -0.00126178 -0.000130848 -5.73257e-05 
1.41797 0.00121924 -5.61544e-05 0.000212039 -0.00125654 -0.000131223 -5.74896e-05 
1.42611 0.00122001 -5.60274e-05 0.000211741 -0.00125132 -0.000131603 -5.76554e-05 
1.43429 0.00122078 -5.59042e-05 0.000211442 -0.00124613 -0.000131987 -5.78229e-05 
1.4425 0.00122154 -5.57849e-05 0.00021114 -0.00124096 -0.000132375 -5.79923e-05 
1.45075 0.00122229 -5.56694e-05 0.000210837 -0.00123582 -0.000132767 -5.81635e-05 
1.45904 0.00122303 -5.55577e-05 0.000210531 -0.00123071 -0.000133164 -5.83366e-05 
1.46736 0.00122376 -5.54497e-05 0.000210223 -0.00122562 -0.000133564 -5.85116e-05 
1.47573 0.00122449 -5.53455e-05 0.000209914 -0.00122055 -0.00013397 -5.86886e-05 
1.48413 0.00122521 -5.52451e-05 0.000209602 -0.00121551 -0.000134379 -5.88674e-05 
1.49257 0.00122591 -5.51483e-05 0.000209288 -0.00121049 -0.000134793 -5.90482e-05 
1.50105 0.00122662 -5.50552e-05 0.000208971 -0.00120549 -0.000135212 -5.92309e-05 
1.50957 0.00122731 -5.49658e-05 0.000208653 -0.00120051 -0.000135635 -5.94157e-05 
1.51812 0.00122799 -5.488e-05 0.000208332 -0.00119556 -0.000136063 -5.96024e-05 
1.52672 0.00122867 -5.47978e-05 0.000208009 -0.00119062 -0.000136495 -5.97911e-05 
1.53536 0.00122934 -5.47192e-05 0.000207684 -0.0011857 -0.000136932 -5.99819e-05 
1.54404 0.00123 -5.46442e-05 0.000207356 -0.00118081 -0.000137374 -6.01748e-05 
1.55277 0.00123065 -5.45728e-05 0.000207026 -0.00117593 -0.00013782 -6.03697e-05 
1.56153 0.0012313 -5.4505e-05 0.000206694 -0.00117107 -0.000138271 -6.05668e-05 
1.57034 0.00123193 -5.44406e-05 0.000206359 -0.00116623 -0.000138727 -6.07659e-05 
1.57919 0.00123256 -5.43798e-05 0.000206022 -0.0011614 -0.000139188 -6.09672e-05 
1.58809 0.00123318 -5.43225e-05 0.000205682 -0.00115659 -0.000139654 -6.11707e-05 
1.59703 0.00123379 -5.42687e-05 0.000205339 -0.0011518 -0.000140125 -6.13764e-05 
1.60601 0.00123439 -5.42184e-05 0.000204994 -0.00114702 -0.000140601 -6.15843e-05 
1.61504 0.00123499 -5.41716e-05 0.000204646 -0.00114226 -0.000141082 -6.17944e-05 
1.62411 0.00123557 -5.41282e-05 0.000204295 -0.00113751 -0.000141568 -6.20067e-05 
1.63323 0.00123615 -5.40883e-05 0.000203942 -0.00113277 -0.00014206 -6.22214e-05 
1.64239 0.00123672 -5.40518e-05 0.000203586 -0.00112804 -0.000142556 -6.24383e-05 
1.65161 0.00123728 -5.40188e-05 0.000203227 -0.00112333 -0.000143058 -6.26576e-05 
1.66087 0.00123783 -5.39892e-05 0.000202865 -0.00111863 -0.000143566 -6.28793e-05 
1.67017 0.00123837 -5.3963e-05 0.000202499 -0.00111394 -0.000144079 -6.31033e-05 
1.67953 0.0012389 -5.39402e-05 0.000202131 -0.00110927 -0.000144597 -6.33297e-05 
1.68894 0.00123942 -5.39209e-05 0.00020176 -0.0011046 -0.000145121 -6.35586e-05 
1.69839 0.00123994 -5.3905e-05 0.000201385 -0.00109994 -0.00014565 -6.37899e-05 
1.70789 0.00124044 -5.38925e-05 0.000201008 -0.00109529 -0.000146185 -6.40237e-05 
1.71745 0.00124094 -5.38834e-05 0.000200627 -0.00109065 -0.000146726 -6.426e-05 
1.72706 0.00124142 -5.38777e-05 0.000200242 -0.00108601 -0.000147273 -6.44989e-05 
1.73671 0.00124189 -5.38754e-05 0.000199854 -0.00108138 -0.000147826 -6.47403e-05 
1.74642 0.00124236 -5.38766e-05 0.000199463 -0.00107676 -0.000148384 -6.49843e-05 
1.75619 0.00124281 -5.38811e-05 0.000199068 -0.00107215 -0.000148949 -6.52309e-05 
1.766 0.00124325 -5.38891e-05 0.000198669 -0.00106754 -0.000149519 -6.54802e-05 
1.77587 0.00124369 -5.39004e-05 0.000198267 -0.00106293 -0.000150096 -6.57322e-05 
1.7858 0.00124411 -5.39152e-05 0.00019786 -0.00105833 -0.000150679 -6.59869e-05 
1.79578 0.00124452 -5.39334e-05 0.00019745 -0.00105373 -0.000151268 -6.62444e-05 
1.80581 0.00124492 -5.3955e-05 0.000197036 -0.00104914 -0.000151864 -6.65046e-05 
1.81591 0.0012453 -5.398e-05 0.000196618 -0.00104454 -0.000152466 -6.67676e-05 
1.82606 0.00124568 -5.40085e-05 0.000196195 -0.00103995 -0.000153074 -6.70335e-05 
1.83626 0.00124604 -5.40404e-05 0.000195769 -0.00103536 -0.000153689 -6.73023e-05 
1.84653 0.00124639 -5.40758e-05 0.000195338 -0.00103077 -0.000154311 -6.75739e-05 
1.85685 0.00124673 -5.41146e-05 0.000194902 -0.00102618 -0.000154939 -6.78485e-05 
1.86724 0.00124705 -5.41569e-05 0.000194462 -0.00102159 -0.000155574 -6.81261e-05 
1.87768 0.00124737 -5.42026e-05 0.000194018 -0.001017 -0.000156216 -6.84067e-05 
1.88819 0.00124766 -5.42519e-05 0.000193569 -0.0010124 -0.000156866 -6.86904e-05 
1.89876 0.00124795 -5.43046e-05 0.000193114 -0.00100781 -0.000157522 -6.89771e-05 
1.90939 0.00124822 -5.43609e-05 0.000192655 -0.00100321 -0.000158185 -6.9267e-05 
1.92008 0.00124847 -5.44207e-05 0.000192191 -0.000998601 -0.000158855 -6.956e-05 
1.93084 0.00124871 -5.4484e-05 0.000191722 -0.000993991 -0.000159533 -6.98562e-05 
1.94166 0.00124894 -5.45509e-05 0.000191248 -0.000989376 -0.000160219 -7.01557e-05 
1.95255 0.00124915 -5.46213e-05 0.000190768 -0.000984755 -0.000160911 -7.04585e-05 
1.9635 0.00124934 -5.46953e-05 0.000190283 -0.000980127 -0.000161612 -7.07645e-05 
1.97452 0.00124952 -5.47729e-05 0.000189792 -0.000975491 -0.00016232 -7.1074e-05 
1.98561 0.00124968 -5.48542e-05 0.000189295 -0.000970847 -0.000163035 -7.13868e-05 
1.99677 0.00124982 -5.49391e-05 0.000188793 -0.000966195 -0.000163759 -7.17031e-05 
2.00799 0.00124995 -5.50276e-05 0.000188284 -0.000961533 -0.000164491 -7.20229e-05 
2.01929 0.00125006 -5.51198e-05 0.00018777 -0.00095686 -0.00016523 -7.23462e-05 
2.03066 0.00125015 -5.52158e-05 0.000187249 -0.000952177 -0.000165978 -7.26731e-05 
2.0421 0.00125022 -5.53154e-05 0.000186722 -0.000947482 -0.000166734 -7.30036e-05 
2.05361 0.00125027 -5.54188e-05 0.000186188 -0.000942774 -0.000167499 -7.33378e-05 
2.06519 0.0012503 -5.55259e-05 0.000185648 -0.000938053 -0.000168272 -7.36757e-05 
2.07685 0.00125031 -5.56369e-05 0.000185101 -0.000933318 -0.000169054 -7.40174e-05 
2.08859 0.00125031 -5.57517e-05 0.000184547 -0.000928568 -0.000169844 -7.43628e-05 
2.1004 0.00125027 -5.58703e-05 0.000183986 -0.000923803 -0.000170644 -7.47122e-05 
2.11229 0.00125022 -5.59928e-05 0.000183418 -0.000919022 -0.000171452 -7.50655e-05 
2.12426 0.00125015 -5.61192e-05 0.000182842 -0.000914223 -0.000172269 -7.54227e-05 
2.13631 0.00125005 -5.62495e-05 0.000182259 -0.000909407 -0.000173095 -7.5784e-05 
2.14844 0.00124993 -5.63838e-05 0.000181668 -0.000904571 -0.000173931 -7.61493e-05 
2.16064 0.00124978 -5.65221e-05 0.000181069 -0.000899716 -0.000174777 -7.65188e-05 
2.17294 0.00124961 -5.66644e-05 0.000180462 -0.000894841 -0.000175631 -7.68924e-05 
2.18531 0.00124941 -5.68108e-05 0.000179847 -0.000889944 -0.000176496 -7.72703e-05 
2.19777 0.00124919 -5.69613e-05 0.000179224 -0.000885025 -0.00017737 -7.76525e-05 
2.21031 0.00124894 -5.71159e-05 0.000178592 -0.000880084 -0.000178254 -7.80391e-05 
2.22294 0.00124867 -5.72747e-05 0.000177951 -0.000875118 -0.000179149 -7.84301e-05 
2.23566 0.00124836 -5.74377e-05 0.000177301 -0.000870127 -0.000180053 -7.88255e-05 
2.24847 0.00124803 -5.7605e-05 0.000176642 -0.000865111 -0.000180968 -7.92255e-05 
2.26136 0.00124766 -5.77765e-05 0.000175973 -0.000860068 -0.000181894 -7.96301e-05 
2.27435 0.00124727 -5.79524e-05 0.000175295 -0.000854997 -0.00018283 -8.00393e-05 
2.28743 0.00124685 -5.81326e-05 0.000174607 -0.000849898 -0.000183777 -8.04533e-05 
2.3006 0.00124639 -5.83173e-05 0.000173909 -0.000844769 -0.000184735 -8.08721e-05 
2.31387 0.0012459 -5.85064e-05 0.000173201 -0.000839609 -0.000185704 -8.12958e-05 
2.32723 0.00124537 -5.87e-05 0.000172483 -0.000834418 -0.000186685 -8.17244e-05 
2.34069 0.00124482 -5.88982e-05 0.000171753 -0.000829195 -0.000187677 -8.2158e-05 
2.35425 0.00124422 -5.9101e-05 0.000171013 -0.000823937 -0.00018868 -8.25967e-05 
2.3679 0.00124359 -5.93085e-05 0.000170262 -0.000818645 -0.000189695 -8.30405e-05 
2.38166 0.00124292 -5.95207e-05 0.000169499 -0.000813317 -0.000190723 -8.34896e-05 
2.39552 0.00124222 -5.97376e-05 0.000168725 -0.000807953 -0.000191762 -8.39439e-05 
2.40948 0.00124147 -5.99593e-05 0.000167938 -0.00080255 -0.000192813 -8.44037e-05 
2.42355 0.00124069 -6.0186e-05 0.00016714 -0.000797108 -0.000193878 -8.48689e-05 
2.43773 0.00123986 -6.04175e-05 0.000166329 -0.000791625 -0.000194954 -8.53396e-05 
2.45201 0.00123899 -6.0654e-05 0.000165505 -0.000786101 -0.000196044 -8.5816e-05 
2.4664 0.00123808 -6.08956e-05 0.000164668 -0.000780534 -0.000197147 -8.62981e-05 
2.4809 0.00123712 -6.11423e-05 0.000163818 -0.000774924 -0.000198263 -8.67859e-05 
2.49552 0.00123612 -6.13942e-05 0.000162955 -0.000769268 -0.000199392 -8.72797e-05 
2.51024 0.00123506 -6.16513e-05 0.000162077 -0.000763565 -0.000200535 -8.77794e-05 
2.52509 0.00123396 -6.19137e-05 0.000161186 -0.000757815 -0.000201692 -8.82851e-05 
2.54005 0.00123282 -6.21815e-05 0.000160279 -0.000752016 -0.000202863 -8.87971e-05 
2.55513 0.00123161 -6.24548e-05 0.000159358 -0.000746166 -0.000204048 -8.93152e-05 
2.57033 0.00123036 -6.27335e-05 0.000158422 -0.000740264 -0.000205248 -8.98397e-05 
2.58565 0.00122906 -6.30179e-05 0.00015747 -0.000734309 -0.000206462 -9.03706e-05 
2.60109 0.0012277 -6.33079e-05 0.000156503 -0.0007283 -0.000207691 -9.09081e-05 
2.61666 0.00122628 -6.36037e-05 0.000155519 -0.000722234 -0.000208936 -9.14522e-05 
2.63236 0.0012248 -6.39053e-05 0.000154518 -0.000716111 -0.000210196 -9.20031e-05 
2.64818 0.00122327 -6.42128e-05 0.000153501 -0.000709928 -0.000211471 -9.25608e-05 
2.66414 0.00122167 -6.45263e-05 0.000152466 -0.000703685 -0.000212763 -9.31255e-05 
2.68023 0.00122001 -6.48458e-05 0.000151413 -0.00069738 -0.000214071 -9.36972e-05 
2.69645 0.00121829 -6.51716e-05 0.000150343 -0.00069101 -0.000215395 -9.42761e-05 
2.71281 0.0012165 -6.55035e-05 0.000149253 -0.000684575 -0.000216735 -9.48623e-05 
2.72931 0.00121464 -6.58419e-05 0.000148145 -0.000678073 -0.000218093 -9.54559e-05 
2.74595 0.00121271 -6.61867e-05 0.000147017 -0.000671502 -0.000219468 -9.60571e-05 
2.76273 0.00121072 -6.6538e-05 0.00014587 -0.00066486 -0.000220861 -9.66659e-05 
2.77965 0.00120864 -6.68959e-05 0.000144702 -0.000658145 -0.000222271 -9.72825e-05 
2.79672 0.0012065 -6.72606e-05 0.000143514 -0.000651356 -0.000223699 -9.7907e-05 
2.81395 0.00120427 -6.76321e-05 0.000142304 -0.000644491 -0.000225146 -9.85396e-05 
2.83132 0.00120197 -6.80106e-05 0.000141072 -0.000637548 -0.000226612 -9.91803e-05 
2.84884 0.00119959 -6.83962e-05 0.000139818 -0.000630525 -0.000228096 -9.98293e-05 
2.86653 0.00119712 -6.87889e-05 0.000138542 -0.000623419 -0.0002296 -0.000100487 
2.88437 0.00119456 -6.91889e-05 0.000137242 -0.00061623 -0.000231123 -0.000101153 
2.90237 0.00119192 -6.95963e-05 0.000135918 -0.000608954 -0.000232667 -0.000101828 
2.92053 0.00118919 -7.00113e-05 0.00013457 -0.00060159 -0.00023423 -0.000102511 
2.93886 0.00118636 -7.04338e-05 0.000133197 -0.000594135 -0.000235815 -0.000103204 
2.95735 0.00118344 -7.08642e-05 0.000131799 -0.000586587 -0.00023742 -0.000103906 
2.97602 0.00118042 -7.13025e-05 0.000130374 -0.000578944 -0.000239047 -0.000104617 
2.99486 0.0011773 -7.17488e-05 0.000128923 -0.000571204 -0.000240696 -0.000105338 
3.01388 0.00117408 -7.22033e-05 0.000127444 -0.000563364 -0.000242367 -0.000106069 
3.03308 0.00117075 -7.26662e-05 0.000125937 -0.000555421 -0.00024406 -0.000106809 
3.05245 0.00116731 -7.31375e-05 0.000124402 -0.000547373 -0.000245776 -0.000107559 
3.07202 0.00116376 -7.36174e-05 0.000122837 -0.000539218 -0.000247516 -0.00010832 
3.09177 0.0011601 -7.4106e-05 0.000121242 -0.000530953 -0.000249279 -0.000109091 
3.11171 0.00115632 -7.46036e-05 0.000119616 -0.000522575 -0.000251066 -0.000109873 
3.13184 0.00115241 -7.51103e-05 0.000117959 -0.000514082 -0.000252878 -0.000110665 
3.15217 0.00114838 -7.56262e-05 0.00011627 -0.00050547 -0.000254716 -0.000111468 
3.1727 0.00114423 -7.61515e-05 0.000114547 -0.000496737 -0.000256578 -0.000112283 
3.19343 0.00113994 -7.66864e-05 0.000112791 -0.000487879 -0.000258467 -0.000113108 
3.21437 0.00113552 -7.72311e-05 0.000111 -0.000478894 -0.000260382 -0.000113946 
3.23553 0.00113096 -7.77857e-05 0.000109174 -0.000469778 -0.000262324 -0.000114795 
3.25689 0.00112626 -7.83504e-05 0.000107311 -0.000460529 -0.000264293 -0.000115656 
3.27847 0.00112141 -7.89255e-05 0.000105411 -0.000451142 -0.000266291 -0.000116529 
3.30027 0.00111641 -7.9511e-05 0.000103473 -0.000441615 -0.000268317 -0.000117415 
3.3223 0.00111125 -8.01073e-05 0.000101496 -0.000431944 -0.000270372 -0.000118314 
3.34456 0.00110594 -8.07145e-05 9.94787e-05 -0.000422126 -0.000272456 -0.000119225 
3.36704 0.00110046 -8.13328e-05 9.74205e-05 -0.000412157 -0.000274571 -0.00012015 
3.38977 0.00109482 -8.19625e-05 9.53202e-05 -0.000402032 -0.000276716 -0.000121088 
3.41273 0.001089 -8.26038e-05 9.31767e-05 -0.000391749 -0.000278893 -0.000122039 
3.43594 0.00108301 -8.32568e-05 9.09892e-05 -0.000381303 -0.000281102 -0.000123005 
3.4594 0.00107683 -8.39219e-05 8.87563e-05 -0.000370691 -0.000283343 -0.000123985 
3.48311 0.00107047 -8.45993e-05 8.6477e-05 -0.000359907 -0.000285617 -0.000124979 
3.50708 0.00106391 -8.52892e-05 8.41502e-05 -0.000348948 -0.000287925 -0.000125989 
3.53132 0.00105716 -8.59918e-05 8.17746e-05 -0.00033781 -0.000290268 -0.000127013 
3.55581 0.0010502 -8.67076e-05 7.93489e-05 -0.000326488 -0.000292646 -0.000128053 
3.58059 0.00104304 -8.74366e-05 7.6872e-05 -0.000314976 -0.000295059 -0.000129108 
3.60564 0.00103566 -8.81793e-05 7.43424e-05 -0.000303271 -0.00029751 -0.000130179 
3.63097 0.00102805 -8.89358e-05 7.17589e-05 -0.000291368 -0.000299997 -0.000131267 
3.65658 0.00102022 -8.97064e-05 6.912e-05 -0.000279262 -0.000302523 -0.000132371 
3.68249 0.00101216 -9.04916e-05 6.64244e-05 -0.000266946 -0.000305088 -0.000133493 
3.7087 0.00100385 -9.12915e-05 6.36705e-05 -0.000254417 -0.000307692 -0.000134632 
3.73522 0.000995297 -9.21066e-05 6.08569e-05 -0.000241668 -0.000310337 -0.000135788 
3.76204 0.000986489 -9.2937e-05 5.79819e-05 -0.000228694 -0.000313024 -0.000136963 
3.78917 0.000977418 -9.37832e-05 5.5044e-05 -0.000215489 -0.000315752 -0.000138156 
3.81663 0.000968076 -9.46455e-05 5.20414e-05 -0.000202047 -0.000318524 -0.000139368 
3.84442 0.000958457 -9.55243e-05 4.89726e-05 -0.000188362 -0.00032134 -0.000140599 
3.87254 0.000948552 -9.64199e-05 4.58357e-05 -0.000174428 -0.000324201 -0.00014185 
3.901 0.000938353 -9.73328e-05 4.26289e-05 -0.000160238 -0.000327108 -0.000143121 
3.9298 0.00092785 -9.82632e-05 3.93504e-05 -0.000145786 -0.000330061 -0.000144412 
3.95896 0.000917035 -9.92116e-05 3.59981e-05 -0.000131064 -0.000333063 -0.000145725 
3.98849 0.000905899 -0.000100178 3.25702e-05 -0.000116065 -0.000336114 -0.000147059 
4.01837 0.000894432 -0.000101164 2.90645e-05 -0.000100783 -0.000339215 -0.000148414 
4.04864 0.000882624 -0.000102169 2.54789e-05 -8.52085e-05 -0.000342367 -0.000149793 
4.07929 0.000870466 -0.000103194 2.18113e-05 -6.93353e-05 -0.000345572 -0.000151194 
4.11032 0.000857946 -0.000104238 1.80594e-05 -5.31549e-05 -0.00034883 -0.000152618 
4.14176 0.000845053 -0.000105304 1.42209e-05 -3.66589e-05 -0.000352143 -0.000154067 
4.17361 0.000831777 -0.000106391 1.02933e-05 -1.98389e-05 -0.000355512 -0.00015554 
4.20586 0.000818105 -0.000107499 6.2742e-06 -2.68609e-06 -0.000358938 -0.000157038 
4.23855 0.000804026 -0.000108629 2.16099e-06 1.48086e-05 -0.000362423 -0.000158562 
4.27167 0.000789527 -0.000109783 -2.04897e-06 3.26546e-05 -0.000365968 -0.000160112 
4.30522 0.000774595 -0.000110959 -6.35842e-06 5.08615e-05 -0.000369574 -0.000161688 
4.33923 0.000759217 -0.000112159 -1.07702e-05 6.94393e-05 -0.000373243 -0.000163293 
4.37371 0.000743378 -0.000113384 -1.52872e-05 8.83983e-05 -0.000376977 -0.000164925 
4.40865 0.000727066 -0.000114634 -1.99125e-05 0.000107749 -0.000380776 -0.000166586 
4.44408 0.000710264 -0.00011591 -2.46491e-05 0.000127503 -0.000384643 -0.000168277 
4.47999 0.000692958 -0.000117212 -2.95004e-05 0.00014767 -0.000388578 -0.000169998 
4.51642 0.000675131 -0.00011854 -3.44697e-05 0.000168264 -0.000392585 -0.00017175 
4.55335 0.000656767 -0.000119897 -3.95603e-05 0.000189295 -0.000396664 -0.000173533 
4.59081 0.000637849 -0.000121282 -4.4776e-05 0.000210777 -0.000400817 -0.000175349 
4.62881 0.000618359 -0.000122696 -5.01205e-05 0.000232722 -0.000405047 -0.000177198 
4.66736 0.000598279 -0.00012414 -5.55974e-05 0.000255144 -0.000409354 -0.000179082 
4.70647 0.000577589 -0.000125615 -6.12109e-05 0.000278056 -0.000413741 -0.000181 
4.74616 0.000556271 -0.000127122 -6.6965e-05 0.000301473 -0.000418211 -0.000182954 
4.78644 0.000534303 -0.00012866 -7.2864e-05 0.00032541 -0.000422764 -0.000184945 
4.82732 0.000511664 -0.000130233 -7.89124e-05 0.000349882 -0.000427404 -0.000186974 
4.86882 0.000488333 -0.000131839 -8.51146e-05 0.000374905 -0.000432132 -0.000189041 
4.91095 0.000464286 -0.00013348 -9.14754e-05 0.000400495 -0.000436951 -0.000191148 
4.95373 0.000439499 -0.000135158 -9.79999e-05 0.00042667 -0.000441864 -0.000193296 
4.99717 0.000413948 -0.000136872 -0.000104693 0.000453446 -0.000446872 -0.000195485 
5.0413 0.000387608 -0.000138625 -0.00011156 0.000480843 -0.000451978 -0.000197718 
5.08611 0.00036045 -0.000140417 -0.000118606 0.000508879 -0.000457185 -0.000199995 
5.13165 0.000332449 -0.000142249 -0.000125838 0.000537573 -0.000462496 -0.000202317 
5.17791 0.000303574 -0.000144123 -0.000133261 0.000566947 -0.000467913 -0.000204685 
5.22492 0.000273796 -0.000146039 -0.00014088 0.000597021 -0.00047344 -0.000207102 
5.2727 0.000243084 -0.000148 -0.000148704 0.000627818 -0.000479079 -0.000209567 
5.32127 0.000211406 -0.000150005 -0.000156737 0.000659359 -0.000484834 -0.000212083 
5.37066 0.000178727 -0.000152057 -0.000164988 0.000691669 -0.000490707 -0.000214651 
5.42087 0.000145013 -0.000154158 -0.000173463 0.000724773 -0.000496703 -0.000217273 
5.47193 0.000110226 -0.000156307 -0.000182169 0.000758695 -0.000502824 -0.000219949 
5.52387 7.433e-05 -0.000158508 -0.000191115 0.000793462 -0.000509075 -0.000222682 
5.57671 3.72839e-05 -0.000160761 -0.000200309 0.000829101 -0.000515459 -0.000225473 
5.63047 -9.53206e-07 -0.000163068 -0.000209758 0.000865642 -0.00052198 -0.000228324 
5.68518 -4.04245e-05 -0.00016543 -0.000219472 0.000903115 -0.000528642 -0.000231237 
5.74086 -8.11749e-05 -0.000167851 -0.00022946 0.000941549 -0.000535449 -0.000234213 
5.79755 -0.000123251 -0.00017033 -0.000239731 0.000980977 -0.000542406 -0.000237255 
5.85526 -0.000166702 -0.000172871 -0.000250295 0.00102143 -0.000549517 -0.000240364 
5.91404 -0.000211579 -0.000175475 -0.000261162 0.00106295 -0.000556788 -0.000243543 
5.9739 -0.000257935 -0.000178144 -0.000272343 0.00110557 -0.000564222 -0.000246793 
6.03489 -0.000305826 -0.000180881 -0.00028385 0.00114933 -0.000571825 -0.000250117 
6.09703 -0.00035531 -0.000183687 -0.000295694 0.00119426 -0.000579603 -0.000253518 
6.16036 -0.000406447 -0.000186565 -0.000307886 0.00124041 -0.00058756 -0.000256997 
6.22491 -0.000459302 -0.000189518 -0.000320441 0.00128782 -0.000595703 -0.000260557 
6.29072 -0.00051394 -0.000192547 -0.00033337 0.00133654 -0.000604038 -0.000264201 
6.35783 -0.000570431 -0.000195656 -0.000346689 0.00138661 -0.000612571 -0.000267932 
6.42628 -0.000628848 -0.000198847 -0.000360411 0.00143808 -0.000621308 -0.000271752 
6.4961 -0.000689266 -0.000202123 -0.000374552 0.001491 -0.000630257 -0.000275664 
6.56735 -0.000751767 -0.000205488 -0.000389127 0.00154544 -0.000639424 -0.000279672 
6.64007 -0.000816432 -0.000208943 -0.000404154 0.00160143 -0.000648817 -0.000283779 
6.71431 -0.00088335 -0.000212493 -0.000419649 0.00165904 -0.000658443 -0.000287987 
6.79011 -0.000952613 -0.000216141 -0.000435631 0.00171834 -0.000668312 -0.000292302 
6.86752 -0.00102432 -0.00021989 -0.000452119 0.00177938 -0.00067843 -0.000296726 
6.94661 -0.00109856 -0.000223745 -0.000469133 0.00184224 -0.000688807 -0.000301263 
7.02741 -0.00117546 -0.000227708 -0.000486694 0.00190698 -0.000699453 -0.000305917 
7.11001 -0.00125511 -0.000231785 -0.000504824 0.00197368 -0.000710377 -0.000310693 
7.19444 -0.00133764 -0.00023598 -0.000523546 0.00204241 -0.000721588 -0.000315594 
7.28079 -0.00142317 -0.000240296 -0.000542884 0.00211326 -0.000733099 -0.000320627 
7.36911 -0.00151183 -0.00024474 -0.000562865 0.00218631 -0.000744919 -0.000325795 
7.45947 -0.00160376 -0.000249315 -0.000583514 0.00226165 -0.000757061 -0.000331103 
7.55195 -0.00169909 -0.000254027 -0.000604861 0.00233937 -0.000769537 -0.000336557 
7.64663 -0.00179799 -0.000258882 -0.000626934 0.00241958 -0.000782359 -0.000342163 
7.74358 -0.00190061 -0.000263885 -0.000649765 0.00250238 -0.000795542 -0.000347927 
7.84289 -0.00200712 -0.000269042 -0.000673387 0.00258788 -0.000809099 -0.000353854 
7.94465 -0.00211769 -0.00027436 -0.000697835 0.00267619 -0.000823045 -0.000359951 
8.04896 -0.00223252 -0.000279846 -0.000723145 0.00276743 -0.000837396 -0.000366225 
8.1559 -0.00235181 -0.000285506 -0.000749357 0.00286174 -0.000852169 -0.000372684 
8.26559 -0.00247575 -0.000291348 -0.00077651 0.00295924 -0.000867382 -0.000379334 
8.37813 -0.00260458 -0.00029738 -0.000804649 0.00306009 -0.000883051 -0.000386185 
8.49364 -0.00273852 -0.000303611 -0.000833818 0.00316443 -0.000899198 -0.000393244 
8.61223 -0.00287784 -0.000310048 -0.000864067 0.00327243 -0.000915842 -0.00040052 
8.73404 -0.00302278 -0.000316702 -0.000895446 0.00338424 -0.000933004 -0.000408024 
8.8592 -0.00317363 -0.000323583 -0.000928009 0.00350006 -0.000950709 -0.000415764 
8.98785 -0.00333068 -0.0003307 -0.000961814 0.00362007 -0.00096898 -0.000423751 
9.12015 -0.00349426 -0.000338065 -0.000996922 0.00374447 -0.000987842 -0.000431998 
9.25624 -0.00366469 -0.00034569 -0.0010334 0.00387347 -0.00100732 -0.000440514 
9.39631 -0.00384232 -0.000353586 -0.00107131 0.00400731 -0.00102745 -0.000449314 
9.54052 -0.00402755 -0.000361768 -0.00111073 0.00414622 -0.00104826 -0.000458411 
9.68907 -0.00422077 -0.000370249 -0.00115174 0.00429046 -0.00106978 -0.000467817 
9.84216 -0.00442241 -0.000379045 -0.00119442 0.00444029 -0.00109204 -0.00047755 
10 -0.00463293 -0.00038817 -0.00123885 0.00459602 -0.00111508 -0.000487624 
