-10 -98.1525 -127.336 -70.1515 -40.9768 -25.5871 -8.95136 -6.87562 -3.35944 -2.67952 
-9.84216 -93.349 -120.333 -66.8507 -39.3054 -24.6459 -8.70067 -6.69614 -3.29003 -2.62416 
-9.68907 -88.7519 -113.654 -63.6922 -37.7021 -23.7418 -8.45917 -6.52312 -3.22297 -2.57068 
-9.54052 -84.3504 -107.282 -60.6687 -36.1634 -22.8729 -8.22641 -6.35626 -3.15816 -2.51899 
-9.39631 -80.1345 -101.2 -57.7731 -34.6862 -22.0375 -8.00196 -6.19525 -3.09548 -2.469 
-9.25624 -76.0948 -95.3928 -54.9989 -33.2673 -21.2341 -7.78544 -6.03983 -3.03485 -2.42065 
-9.12015 -72.2225 -89.8462 -52.34 -31.9039 -20.4609 -7.57647 -5.88973 -2.97617 -2.37385 
-8.98785 -68.5092 -84.5468 -49.7906 -30.5932 -19.7166 -7.3747 -5.74471 -2.91935 -2.32853 
-8.8592 -64.9473 -79.4818 -47.3454 -29.3328 -18.9998 -7.17981 -5.60454 -2.86432 -2.28464 
-8.73404 -61.5293 -74.6394 -44.9992 -28.1203 -18.3092 -6.99149 -5.469 -2.81099 -2.24211 
-8.61223 -58.2484 -70.0085 -42.7472 -26.9534 -17.6437 -6.80944 -5.3379 -2.75929 -2.20088 
-8.49364 -55.098 -65.5784 -40.585 -25.8299 -17.002 -6.63339 -5.21102 -2.70915 -2.16089 
-8.37813 -52.072 -61.3394 -38.5082 -24.748 -16.3831 -6.46308 -5.08821 -2.66052 -2.1221 
-8.26559 -49.1647 -57.2821 -36.513 -23.7057 -15.786 -6.29825 -4.96927 -2.61332 -2.08446 
-8.1559 -46.3705 -53.3977 -34.5954 -22.7011 -15.2096 -6.13869 -4.85405 -2.56749 -2.04791 
-8.04896 -43.6843 -49.678 -32.752 -21.7328 -14.6532 -5.98415 -4.74239 -2.52299 -2.01242 
-7.94465 -41.1013 -46.1152 -30.9793 -20.7989 -14.1158 -5.83445 -4.63415 -2.47976 -1.97795 
-7.84289 -38.6167 -42.7018 -29.2742 -19.8981 -13.5966 -5.68937 -4.52918 -2.43775 -1.94444 
-7.74358 -36.2263 -39.431 -27.6336 -19.029 -13.0949 -5.54873 -4.42736 -2.39692 -1.91187 
-7.64663 -33.9259 -36.2961 -26.0547 -18.19 -12.6099 -5.41235 -4.32856 -2.35721 -1.8802 
-7.55195 -31.7116 -33.2908 -24.5347 -17.38 -12.1409 -5.28006 -4.23266 -2.31858 -1.8494 
-7.45947 -29.5797 -30.4093 -23.0712 -16.5978 -11.6872 -5.1517 -4.13954 -2.281 -1.81943 
-7.36911 -27.5266 -27.6461 -21.6617 -15.8422 -11.2483 -5.02712 -4.04911 -2.24443 -1.79026 
-7.28079 -25.549 -24.9957 -20.3038 -15.1121 -10.8235 -4.90616 -3.96125 -2.20882 -1.76186 
-7.19444 -23.6437 -22.4532 -18.9954 -14.4064 -10.4123 -4.7887 -3.87587 -2.17415 -1.73421 
-7.11001 -21.8077 -20.0139 -17.7344 -13.7242 -10.0141 -4.6746 -3.79288 -2.14038 -1.70727 
-7.02741 -20.0381 -17.6732 -16.5188 -13.0645 -9.62837 -4.56373 -3.71218 -2.10747 -1.68103 
-6.94661 -18.3323 -15.4268 -15.3467 -12.4264 -9.25471 -4.45597 -3.6337 -2.0754 -1.65545 
-6.86752 -16.6875 -13.2706 -14.2164 -11.8091 -8.89261 -4.3512 -3.55735 -2.04414 -1.63052 
-6.79011 -15.1014 -11.2009 -13.1262 -11.2117 -8.54162 -4.24933 -3.48306 -2.01366 -1.60621 
-6.71431 -13.5716 -9.21381 -12.0743 -10.6336 -8.20133 -4.15024 -3.41075 -1.98394 -1.5825 
-6.64007 -12.0958 -7.30599 -11.0594 -10.0738 -7.87132 -4.05384 -3.34036 -1.95494 -1.55938 
-6.56735 -10.6719 -5.47406 -10.0799 -9.53179 -7.55122 -3.96002 -3.2718 -1.92664 -1.53681 
-6.4961 -9.29792 -3.71486 -9.13434 -9.00683 -7.24066 -3.8687 -3.20503 -1.89903 -1.51479 
-6.42628 -7.97185 -2.02538 -8.22151 -8.49828 -6.93929 -3.77979 -3.13998 -1.87207 -1.49329 
-6.35783 -6.69184 -0.402737 -7.34009 -8.00554 -6.64677 -3.69321 -3.0766 -1.84575 -1.4723 
-6.29072 -5.45614 1.15579 -6.48886 -7.528 -6.36277 -3.60888 -3.01481 -1.82005 -1.4518 
-6.22491 -4.26306 2.65282 -5.66667 -7.06512 -6.087 -3.52671 -2.95458 -1.79494 -1.43177 
-6.16036 -3.11097 4.09082 -4.87239 -6.61636 -5.81916 -3.44665 -2.89585 -1.77041 -1.41221 
-6.09703 -1.99834 5.47218 -4.10499 -6.1812 -5.55897 -3.36861 -2.83856 -1.74644 -1.39309 
-6.03489 -0.923688 6.79916 -3.36343 -5.75916 -5.30617 -3.29253 -2.78268 -1.72301 -1.37441 
-5.9739 0.114393 8.07391 -2.64677 -5.34977 -5.06048 -3.21835 -2.72816 -1.70011 -1.35614 
-5.91404 1.11725 9.29849 -1.95406 -4.95257 -4.82167 -3.146 -2.67495 -1.67772 -1.33828 
-5.85526 2.08618 10.4749 -1.28443 -4.56714 -4.5895 -3.07542 -2.62301 -1.65581 -1.32081 
-5.79755 3.02242 11.605 -0.637031 -4.19306 -4.36375 -3.00656 -2.5723 -1.63439 -1.30373 
-5.74086 3.92715 12.6905 -0.0110481 -3.82994 -4.14419 -2.93937 -2.52278 -1.61344 -1.28701 
-5.68518 4.80151 13.7333 0.594293 -3.4774 -3.93061 -2.87378 -2.47442 -1.59293 -1.27066 
-5.63047 5.64658 14.735 1.17974 -3.13507 -3.72283 -2.80975 -2.42718 -1.57286 -1.25465 
-5.57671 6.46341 15.697 1.746 -2.80261 -3.52064 -2.74724 -2.38103 -1.55322 -1.23898 
-5.52387 7.25299 16.621 2.29375 -2.47969 -3.32385 -2.68619 -2.33592 -1.53399 -1.22365 
-5.47193 8.01628 17.5084 2.82366 -2.16597 -3.13231 -2.62655 -2.29184 -1.51516 -1.20863 
-5.42087 8.75421 18.3605 3.33636 -1.86116 -2.94582 -2.56829 -2.24875 -1.49672 -1.19392 
-5.37066 9.46765 19.1787 3.83244 -1.56495 -2.76423 -2.51137 -2.20661 -1.47866 -1.17952 
-5.32127 10.1574 19.9642 4.31248 -1.27707 -2.58738 -2.45574 -2.16541 -1.46096 -1.16541 
-5.2727 10.8244 20.7183 4.77704 -0.997227 -2.41513 -2.40136 -2.12512 -1.44363 -1.15158 
-5.22492 11.4694 21.4421 5.22665 -0.725174 -2.24731 -2.3482 -2.0857 -1.42664 -1.13803 
-5.17791 12.093 22.1368 5.66183 -0.460651 -2.0838 -2.29623 -2.04713 -1.40999 -1.12475 
-5.13165 12.696 22.8033 6.08306 -0.203416 -1.92446 -2.2454 -2.00939 -1.39367 -1.11174 
-5.08611 13.2792 23.4428 6.49082 0.0467648 -1.76916 -2.19568 -1.97246 -1.37768 -1.09898 
-5.0413 13.8432 24.0562 6.88557 0.290118 -1.61777 -2.14705 -1.9363 -1.36199 -1.08647 
-4.99717 14.3886 24.6444 7.26773 0.52686 -1.47018 -2.09947 -1.90091 -1.34661 -1.0742 
-4.95373 14.916 25.2084 7.63774 0.7572 -1.32626 -2.0529 -1.86625 -1.33152 -1.06217 
-4.91095 15.4261 25.7491 7.99599 0.981339 -1.1859 -2.00733 -1.83232 -1.31672 -1.05037 
-4.86882 15.9194 26.2672 8.34288 1.19947 -1.049 -1.96273 -1.79908 -1.30221 -1.03879 
-4.82732 16.3964 26.7636 8.67877 1.41178 -0.915456 -1.91906 -1.76652 -1.28796 -1.02743 
-4.78644 16.8577 27.239 9.00403 1.61845 -0.785162 -1.8763 -1.73462 -1.27399 -1.01628 
-4.74616 17.3038 27.6943 9.319 1.81966 -0.658023 -1.83443 -1.70336 -1.26027 -1.00534 
-4.70647 17.7352 28.13 9.62402 2.01557 -0.533946 -1.79342 -1.67273 -1.2468 -0.994603 
-4.66736 18.1524 28.5469 9.91941 2.20634 -0.41284 -1.75325 -1.6427 -1.23359 -0.984062 
-4.62881 18.5557 28.9457 10.2055 2.39212 -0.294618 -1.71389 -1.61327 -1.22061 -0.973713 
-4.59081 18.9458 29.3269 10.4825 2.57308 -0.179196 -1.67533 -1.58441 -1.20787 -0.963551 
-4.55335 19.3228 29.6912 10.7509 2.74935 -0.0664927 -1.63753 -1.55612 -1.19536 -0.953572 
-4.51642 19.6874 30.0392 11.0107 2.92108 0.0435704 -1.60049 -1.52837 -1.18307 -0.943772 
-4.47999 20.0399 30.3714 11.2624 3.08839 0.151069 -1.56419 -1.50116 -1.171 -0.934146 
-4.44408 20.3806 30.6885 11.5061 3.25142 0.256077 -1.52859 -1.47446 -1.15915 -0.92469 
-4.40865 20.7099 30.9908 11.7422 3.4103 0.358664 -1.49369 -1.44827 -1.1475 -0.9154 
-4.37371 21.0282 31.2789 11.9708 3.56515 0.458901 -1.45946 -1.42257 -1.13605 -0.906271 
-4.33923 21.3358 31.5533 12.1922 3.71608 0.556852 -1.42589 -1.39735 -1.12481 -0.897301 
-4.30522 21.6331 31.8145 12.4066 3.86321 0.652582 -1.39296 -1.37261 -1.11375 -0.888486 
-4.27167 21.9203 32.0629 12.6143 4.00666 0.746152 -1.36066 -1.34831 -1.10289 -0.879821 
-4.23855 22.1978 32.2989 12.8154 4.14651 0.837624 -1.32896 -1.32446 -1.09221 -0.871304 
-4.20586 22.4658 32.523 13.0101 4.28289 0.927055 -1.29786 -1.30105 -1.08171 -0.862932 
-4.17361 22.7248 32.7356 13.1986 4.41589 1.0145 -1.26734 -1.27806 -1.07139 -0.8547 
-4.14176 22.9748 32.937 13.3812 4.5456 1.10002 -1.23738 -1.25548 -1.06124 -0.846605 
-4.11032 23.2162 33.1276 13.558 4.67212 1.18366 -1.20797 -1.2333 -1.05126 -0.838645 
-4.07929 23.4493 33.3078 13.7291 4.79553 1.26547 -1.17909 -1.21152 -1.04145 -0.830817 
-4.04864 23.6743 33.4779 13.8949 4.91594 1.34551 -1.15074 -1.19012 -1.03179 -0.823118 
-4.01837 23.8915 33.6384 14.0553 5.03341 1.42381 -1.1229 -1.1691 -1.0223 -0.815544 
-3.98849 24.101 33.7894 14.2105 5.14804 1.50044 -1.09556 -1.14844 -1.01296 -0.808094 
-3.95896 24.3031 33.9313 14.3608 5.25989 1.57542 -1.0687 -1.12813 -1.00377 -0.800764 
-3.9298 24.4981 34.0644 14.5063 5.36906 1.64882 -1.04232 -1.10818 -0.994724 -0.793552 
-3.901 24.686 34.189 14.6471 5.4756 1.72066 -1.01639 -1.08856 -0.985826 -0.786455 
-3.87254 24.8673 34.3054 14.7833 5.57961 1.79099 -0.990922 -1.06928 -0.977069 -0.779471 
-3.84442 25.0419 34.4138 14.9152 5.68113 1.85985 -0.96589 -1.05032 -0.968451 -0.772597 
-3.81663 25.2102 34.5146 15.0427 5.78025 1.92728 -0.941289 -1.03168 -0.959968 -0.765832 
-3.78917 25.3723 34.6079 15.1661 5.87703 1.99332 -0.917107 -1.01335 -0.951619 -0.759172 
-3.76204 25.5284 34.694 15.2854 5.97152 2.05799 -0.893334 -0.995318 -0.943399 -0.752616 
-3.73522 25.6786 34.7731 15.4008 6.0638 2.12135 -0.869962 -0.977584 -0.935306 -0.746162 
-3.7087 25.8232 34.8455 15.5124 6.15393 2.18342 -0.84698 -0.960139 -0.927338 -0.739807 
-3.68249 25.9623 34.9114 15.6204 6.24195 2.24423 -0.82438 -0.942975 -0.919492 -0.733549 
-3.65658 26.096 34.971 15.7247 6.32793 2.30382 -0.802152 -0.926088 -0.911766 -0.727387 
-3.63097 26.2246 35.0245 15.8255 6.41193 2.36221 -0.780288 -0.90947 -0.904157 -0.721318 
-3.60564 26.3481 35.0721 15.923 6.49398 2.41945 -0.758781 -0.893116 -0.896663 -0.715341 
-3.58059 26.4666 35.114 16.0171 6.57416 2.47555 -0.73762 -0.877019 -0.889282 -0.709454 
-3.55581 26.5805 35.1504 16.1081 6.6525 2.53056 -0.716799 -0.861175 -0.88201 -0.703655 
-3.53132 26.6897 35.1814 16.196 6.72906 2.58448 -0.696311 -0.845577 -0.874847 -0.697942 
-3.50708 26.7944 35.2073 16.2808 6.80387 2.63736 -0.676146 -0.83022 -0.86779 -0.692313 
-3.48311 26.8947 35.2282 16.3628 6.877 2.68922 -0.656298 -0.815099 -0.860837 -0.686767 
-3.4594 26.9908 35.2442 16.4418 6.94848 2.74009 -0.636761 -0.800208 -0.853986 -0.681303 
-3.43594 27.0827 35.2555 16.5181 7.01835 2.78998 -0.617526 -0.785543 -0.847234 -0.675919 
-3.41273 27.1706 35.2623 16.5918 7.08666 2.83893 -0.598587 -0.771099 -0.840581 -0.670612 
-3.38977 27.2546 35.2647 16.6628 7.15345 2.88695 -0.579938 -0.75687 -0.834024 -0.665382 
-3.36704 27.3348 35.2629 16.7312 7.21875 2.93408 -0.561572 -0.742853 -0.827561 -0.660228 
-3.34456 27.4114 35.257 16.7972 7.28261 2.98033 -0.543483 -0.729043 -0.821191 -0.655147 
-3.3223 27.4843 35.247 16.8608 7.34507 3.02572 -0.525665 -0.715435 -0.814911 -0.650139 
-3.30027 27.5537 35.2333 16.9221 7.40615 3.07028 -0.508112 -0.702026 -0.808721 -0.645201 
-3.27847 27.6198 35.2158 16.9811 7.4659 3.11402 -0.490817 -0.68881 -0.802618 -0.640334 
-3.25689 27.6825 35.1947 17.0379 7.52435 3.15697 -0.473776 -0.675784 -0.796601 -0.635535 
-3.23553 27.7421 35.1701 17.0925 7.58153 3.19915 -0.456983 -0.662944 -0.790668 -0.630803 
-3.21437 27.7985 35.1421 17.1451 7.63748 3.24057 -0.440432 -0.650286 -0.784817 -0.626137 
-3.19343 27.8518 35.1108 17.1956 7.69222 3.28125 -0.424119 -0.637805 -0.779048 -0.621536 
-3.1727 27.9022 35.0764 17.2442 7.74579 3.32122 -0.408037 -0.6255 -0.773359 -0.616998 
-3.15217 27.9498 35.039 17.2909 7.79821 3.36048 -0.392183 -0.613365 -0.767748 -0.612523 
-3.13184 27.9945 34.9985 17.3357 7.84953 3.39906 -0.37655 -0.601398 -0.762214 -0.608109 
-3.11171 28.0365 34.9552 17.3786 7.89976 3.43698 -0.361136 -0.589594 -0.756755 -0.603755 
-3.09177 28.0758 34.9091 17.4199 7.94893 3.47424 -0.345934 -0.577951 -0.75137 -0.59946 
-3.07202 28.1126 34.8603 17.4594 7.99707 3.51086 -0.33094 -0.566465 -0.746058 -0.595224 
-3.05245 28.1468 34.8089 17.4972 8.0442 3.54687 -0.31615 -0.555133 -0.740818 -0.591045 
-3.03308 28.1786 34.755 17.5334 8.09036 3.58227 -0.30156 -0.543951 -0.735648 -0.586921 
-3.01388 28.2081 34.6987 17.5681 8.13556 3.61708 -0.287165 -0.532918 -0.730547 -0.582853 
-2.99486 28.2352 34.64 17.6012 8.17983 3.65131 -0.272961 -0.522029 -0.725514 -0.578839 
-2.97602 28.26 34.579 17.6328 8.22319 3.68499 -0.258944 -0.511282 -0.720548 -0.574878 
-2.95735 28.2827 34.5158 17.663 8.26567 3.71811 -0.245111 -0.500675 -0.715647 -0.570969 
-2.93886 28.3032 34.4504 17.6917 8.30729 3.7507 -0.231456 -0.490203 -0.710811 -0.567112 
-2.92053 28.3217 34.383 17.7191 8.34807 3.78276 -0.217978 -0.479865 -0.706038 -0.563305 
-2.90237 28.3381 34.3136 17.7451 8.38803 3.81431 -0.204671 -0.469657 -0.701327 -0.559548 
-2.88437 28.3525 34.2422 17.7699 8.42719 3.84537 -0.191532 -0.459578 -0.696678 -0.55584 
-2.86653 28.365 34.169 17.7934 8.46557 3.87594 -0.178559 -0.449624 -0.692089 -0.55218 
-2.84884 28.3756 34.0939 17.8156 8.50319 3.90604 -0.165746 -0.439794 -0.687559 -0.548567 
-2.83132 28.3845 34.0171 17.8366 8.54007 3.93567 -0.153092 -0.430084 -0.683087 -0.545 
-2.81395 28.3915 33.9386 17.8565 8.57623 3.96486 -0.140592 -0.420493 -0.678672 -0.54148 
-2.79672 28.3968 33.8584 17.8753 8.61169 3.9936 -0.128244 -0.411017 -0.674314 -0.538004 
-2.77965 28.4004 33.7766 17.8929 8.64647 4.02191 -0.116044 -0.401655 -0.670011 -0.534572 
-2.76273 28.4024 33.6933 17.9095 8.68057 4.0498 -0.10399 -0.392405 -0.665763 -0.531184 
-2.74595 28.4028 33.6085 17.925 8.71402 4.07728 -0.0920773 -0.383263 -0.661568 -0.527838 
-2.72931 28.4016 33.5222 17.9396 8.74684 4.10437 -0.0803042 -0.374229 -0.657427 -0.524535 
-2.71281 28.3989 33.4346 17.9531 8.77904 4.13106 -0.0686676 -0.3653 -0.653337 -0.521273 
-2.69645 28.3947 33.3455 17.9656 8.81064 4.15737 -0.0571646 -0.356474 -0.649298 -0.518052 
-2.68023 28.389 33.2552 17.9773 8.84165 4.18331 -0.0457925 -0.347748 -0.645309 -0.51487 
-2.66414 28.382 33.1636 17.988 8.87208 4.20889 -0.0345484 -0.339122 -0.64137 -0.511729 
-2.64818 28.3736 33.0708 17.9978 8.90196 4.23412 -0.0234298 -0.330593 -0.637479 -0.508626 
-2.63236 28.3638 32.9768 18.0068 8.93129 4.25899 -0.0124341 -0.322158 -0.633637 -0.505561 
-2.61666 28.3527 32.8816 18.0149 8.96009 4.28354 -0.00155874 -0.313817 -0.629841 -0.502534 
-2.60109 28.3404 32.7853 18.0222 8.98837 4.30775 0.00919878 -0.305568 -0.626092 -0.499544 
-2.58565 28.3268 32.688 18.0287 9.01615 4.33165 0.0198409 -0.297408 -0.622389 -0.496591 
-2.57033 28.312 32.5896 18.0345 9.04343 4.35523 0.03037 -0.289335 -0.618731 -0.493673 
-2.55513 28.296 32.4902 18.0394 9.07024 4.3785 0.0407885 -0.28135 -0.615117 -0.490791 
-2.54005 28.2789 32.3898 18.0437 9.09658 4.40148 0.0510986 -0.273448 -0.611547 -0.487944 
-2.52509 28.2607 32.2884 18.0472 9.12246 4.42417 0.0613025 -0.26563 -0.60802 -0.485131 
-2.51024 28.2413 32.1862 18.0501 9.1479 4.44658 0.0714026 -0.257893 -0.604536 -0.482352 
-2.49552 28.2209 32.0831 18.0522 9.17291 4.46871 0.0814009 -0.250235 -0.601093 -0.479606 
-2.4809 28.1994 31.9791 18.0538 9.1975 4.49057 0.0912996 -0.242656 -0.597691 -0.476893 
-2.4664 28.1769 31.8742 18.0546 9.22168 4.51217 0.101101 -0.235153 -0.594329 -0.474212 
-2.45201 28.1535 31.7686 18.0549 9.24546 4.53351 0.110806 -0.227725 -0.591008 -0.471563 
-2.43773 28.129 31.6622 18.0545 9.26885 4.55461 0.120419 -0.220371 -0.587726 -0.468945 
-2.42355 28.1036 31.5551 18.0536 9.29186 4.57546 0.129939 -0.213089 -0.584482 -0.466359 
-2.40948 28.0773 31.4472 18.052 9.3145 4.59607 0.13937 -0.205878 -0.581277 -0.463802 
-2.39552 28.05 31.3386 18.0499 9.33679 4.61646 0.148714 -0.198737 -0.578109 -0.461276 
-2.38166 28.0219 31.2293 18.0473 9.35872 4.63662 0.157971 -0.191663 -0.574978 -0.458779 
-2.3679 27.9929 31.1194 18.0441 9.38031 4.65656 0.167145 -0.184656 -0.571884 -0.456312 
-2.35425 27.9631 31.0088 18.0405 9.40157 4.67629 0.176236 -0.177715 -0.568826 -0.453873 
-2.34069 27.9325 30.8976 18.0363 9.42251 4.69581 0.185247 -0.170838 -0.565804 -0.451462 
-2.32723 27.901 30.7858 18.0316 9.44313 4.71512 0.194179 -0.164024 -0.562816 -0.449079 
-2.31387 27.8688 30.6734 18.0265 9.46345 4.73424 0.203034 -0.157271 -0.559863 -0.446724 
-2.3006 27.8357 30.5604 18.0209 9.48347 4.75317 0.211814 -0.150578 -0.556944 -0.444396 
-2.28743 27.802 30.4469 18.0148 9.5032 4.77192 0.22052 -0.143945 -0.554058 -0.442095 
-2.27435 27.7674 30.3329 18.0083 9.52265 4.79048 0.229154 -0.13737 -0.551206 -0.43982 
-2.26136 27.7322 30.2183 18.0014 9.54182 4.80886 0.237717 -0.130852 -0.548386 -0.437571 
-2.24847 27.6963 30.1033 17.994 9.56073 4.82707 0.246211 -0.12439 -0.545598 -0.435348 
-2.23566 27.6596 29.9877 17.9863 9.57938 4.84512 0.254638 -0.117982 -0.542842 -0.43315 
-2.22294 27.6223 29.8717 17.9781 9.59778 4.863 0.262999 -0.111628 -0.540117 -0.430977 
-2.21031 27.5843 29.7553 17.9696 9.61593 4.88073 0.271295 -0.105326 -0.537423 -0.428829 
-2.19777 27.5457 29.6384 17.9607 9.63384 4.8983 0.279529 -0.0990752 -0.53476 -0.426704 
-2.18531 27.5065 29.521 17.9515 9.65153 4.91572 0.287701 -0.0928751 -0.532126 -0.424604 
-2.17294 27.4666 29.4033 17.9418 9.66899 4.933 0.295812 -0.0867243 -0.529523 -0.422528 
-2.16064 27.4261 29.2851 17.9319 9.68623 4.95014 0.303865 -0.0806217 -0.526948 -0.420474 
-2.14844 27.385 29.1665 17.9216 9.70326 4.96714 0.31186 -0.0745665 -0.524402 -0.418444 
-2.13631 27.3433 29.0476 17.911 9.72008 4.98401 0.3198 -0.0685576 -0.521885 -0.416437 
-2.12426 27.301 28.9283 17.9 9.7367 5.00075 0.327684 -0.062594 -0.519396 -0.414451 
-2.11229 27.2582 28.8086 17.8888 9.75313 5.01737 0.335515 -0.0566749 -0.516934 -0.412488 
-2.1004 27.2148 28.6885 17.8772 9.76938 5.03386 0.343294 -0.0507992 -0.5145 -0.410547 
-2.08859 27.1709 28.5682 17.8653 9.78544 5.05024 0.351022 -0.0449661 -0.512093 -0.408627 
-2.07685 27.1264 28.4474 17.8532 9.80132 5.06651 0.3587 -0.0391746 -0.509712 -0.406729 
-2.06519 27.0814 28.3264 17.8408 9.81703 5.08267 0.36633 -0.0334238 -0.507358 -0.404851 
-2.05361 27.0359 28.205 17.8281 9.83258 5.09872 0.373913 -0.027713 -0.505029 -0.402995 
-2.0421 26.9899 28.0833 17.8151 9.84797 5.11467 0.381449 -0.0220411 -0.502726 -0.401158 
-2.03066 26.9433 27.9613 17.8019 9.8632 5.13052 0.388941 -0.0164074 -0.500449 -0.399342 
-2.01929 26.8963 27.839 17.7885 9.87828 5.14627 0.396388 -0.0108109 -0.498196 -0.397546 
-2.00799 26.8488 27.7164 17.7747 9.89322 5.16193 0.403794 -0.00525099 -0.495969 -0.395769 
-1.99677 26.8008 27.5935 17.7608 9.90802 5.17751 0.411157 0.000273299 -0.493765 -0.394012 
-1.98561 26.7524 27.4703 17.7466 9.92268 5.193 0.418481 0.00576275 -0.491586 -0.392274 
-1.97452 26.7034 27.3469 17.7322 9.9372 5.2084 0.425765 0.0112181 -0.48943 -0.390555 
-1.9635 26.6541 27.2232 17.7176 9.95161 5.22373 0.43301 0.0166403 -0.487298 -0.388855 
-1.95255 26.6042 27.0992 17.7027 9.96589 5.23898 0.440219 0.0220299 -0.485189 -0.387173 
-1.94166 26.5539 26.9749 17.6876 9.98005 5.25416 0.447392 0.0273878 -0.483102 -0.385509 
-1.93084 26.5032 26.8504 17.6724 9.9941 5.26927 0.454529 0.0327148 -0.481039 -0.383863 
-1.92008 26.4521 26.7257 17.6569 10.008 5.28431 0.461633 0.0380115 -0.478998 -0.382236 
-1.90939 26.4005 26.6006 17.6412 10.0219 5.29929 0.468703 0.0432788 -0.476978 -0.380625 
-1.89876 26.3485 26.4754 17.6254 10.0356 5.3142 0.475742 0.0485172 -0.474981 -0.379033 
-1.88819 26.296 26.3498 17.6093 10.0492 5.32906 0.48275 0.0537277 -0.473005 -0.377457 
-1.87768 26.2432 26.2241 17.5931 10.0628 5.34386 0.489727 0.0589108 -0.47105 -0.375898 
-1.86724 26.1899 26.0981 17.5767 10.0762 5.35861 0.496675 0.0640673 -0.469116 -0.374356 
-1.85685 26.1363 25.9718 17.5601 10.0896 5.3733 0.503596 0.0691978 -0.467204 -0.372831 
-1.84653 26.0822 25.8454 17.5433 10.1029 5.38795 0.510489 0.0743031 -0.465311 -0.371322 
-1.83626 26.0277 25.7186 17.5264 10.1161 5.40256 0.517356 0.0793838 -0.463439 -0.369829 
-1.82606 25.9728 25.5917 17.5093 10.1292 5.41712 0.524197 0.0844406 -0.461587 -0.368352 
-1.81591 25.9176 25.4645 17.4921 10.1423 5.43164 0.531014 0.0894742 -0.459755 -0.366891 
-1.80581 25.8619 25.3371 17.4747 10.1553 5.44612 0.537808 0.0944852 -0.457942 -0.365446 
-1.79578 25.8058 25.2094 17.4571 10.1682 5.46057 0.544579 0.0994742 -0.456149 -0.364016 
-1.7858 25.7494 25.0815 17.4394 10.1811 5.47498 0.551329 0.104442 -0.454375 -0.362601 
-1.77587 25.6926 24.9534 17.4216 10.1939 5.48937 0.558057 0.109389 -0.452619 -0.361202 
-1.766 25.6354 24.8251 17.4036 10.2066 5.50373 0.564766 0.114316 -0.450883 -0.359817 
-1.75619 25.5778 24.6965 17.3854 10.2193 5.51806 0.571455 0.119224 -0.449165 -0.358447 
-1.74642 25.5198 24.5677 17.3671 10.2319 5.53236 0.578126 0.124113 -0.447465 -0.357092 
-1.73671 25.4614 24.4386 17.3487 10.2445 5.54665 0.58478 0.128983 -0.445783 -0.355751 
-1.72706 25.4027 24.3093 17.3302 10.2571 5.56092 0.591418 0.133836 -0.44412 -0.354424 
-1.71745 25.3436 24.1798 17.3115 10.2696 5.57517 0.598039 0.138672 -0.442474 -0.353112 
-1.70789 25.2841 24.0501 17.2927 10.2821 5.58941 0.604646 0.143492 -0.440845 -0.351813 
-1.69839 25.2242 23.9201 17.2737 10.2945 5.60363 0.611239 0.148296 -0.439234 -0.350529 
-1.68894 25.1639 23.7898 17.2547 10.3069 5.61784 0.617818 0.153085 -0.437639 -0.349257 
-1.67953 25.1033 23.6593 17.2355 10.3193 5.63205 0.624385 0.157859 -0.436062 -0.348 
-1.67017 25.0423 23.5286 17.2162 10.3317 5.64625 0.630941 0.162619 -0.434502 -0.346756 
-1.66087 24.9809 23.3977 17.1967 10.344 5.66045 0.637485 0.167366 -0.432958 -0.345525 
-1.65161 24.9191 23.2664 17.1772 10.3563 5.67464 0.64402 0.172099 -0.43143 -0.344307 
-1.64239 24.857 23.135 17.1575 10.3686 5.68884 0.650545 0.17682 -0.429919 -0.343102 
-1.63323 24.7944 23.0032 17.1377 10.3809 5.70303 0.657062 0.18153 -0.428423 -0.341909 
-1.62411 24.7315 22.8713 17.1178 10.3931 5.71723 0.663571 0.186228 -0.426944 -0.34073 
-1.61504 24.6682 22.739 17.0978 10.4054 5.73144 0.670073 0.190916 -0.42548 -0.339563 
-1.60601 24.6046 22.6065 17.0777 10.4176 5.74565 0.676569 0.195593 -0.424032 -0.338408 
-1.59703 24.5405 22.4737 17.0574 10.4298 5.75988 0.68306 0.200261 -0.422599 -0.337266 
-1.58809 24.476 22.3407 17.0371 10.442 5.77412 0.689546 0.20492 -0.421182 -0.336136 
-1.57919 24.4112 22.2074 17.0166 10.4542 5.78837 0.696028 0.209571 -0.419779 -0.335018 
-1.57034 24.3459 22.0738 16.996 10.4665 5.80263 0.702508 0.214213 -0.418392 -0.333912 
-1.56153 24.2803 21.9399 16.9753 10.4787 5.81692 0.708984 0.218848 -0.417019 -0.332817 
-1.55277 24.2143 21.8057 16.9546 10.4909 5.83122 0.71546 0.223476 -0.415661 -0.331735 
-1.54404 24.1478 21.6713 16.9337 10.5031 5.84555 0.721934 0.228098 -0.414317 -0.330663 
-1.53536 24.081 21.5365 16.9126 10.5153 5.8599 0.728409 0.232714 -0.412988 -0.329604 
-1.52672 24.0137 21.4014 16.8915 10.5276 5.87427 0.734884 0.237325 -0.411673 -0.328555 
-1.51812 23.9461 21.2661 16.8703 10.5398 5.88867 0.74136 0.241931 -0.410372 -0.327518 
-1.50957 23.878 21.1304 16.849 10.5521 5.9031 0.747839 0.246532 -0.409084 -0.326492 
-1.50105 23.8095 20.9944 16.8275 10.5643 5.91755 0.754321 0.25113 -0.407811 -0.325477 
-1.49257 23.7406 20.8581 16.806 10.5766 5.93204 0.760806 0.255725 -0.406551 -0.324473 
-1.48413 23.6713 20.7214 16.7843 10.5889 5.94657 0.767296 0.260317 -0.405305 -0.323479 
-1.47573 23.6015 20.5845 16.7625 10.6012 5.96113 0.77379 0.264907 -0.404072 -0.322496 
-1.46736 23.5313 20.4471 16.7407 10.6136 5.97572 0.780291 0.269495 -0.402853 -0.321524 
-1.45904 23.4606 20.3095 16.7187 10.626 5.99036 0.786798 0.274082 -0.401646 -0.320563 
-1.45075 23.3896 20.1715 16.6966 10.6384 6.00503 0.793313 0.278668 -0.400453 -0.319611 
-1.4425 23.318 20.0331 16.6744 10.6508 6.01975 0.799836 0.283254 -0.399272 -0.31867 
-1.43429 23.246 19.8943 16.6521 10.6632 6.03451 0.806367 0.287841 -0.398105 -0.31774 
-1.42611 23.1736 19.7552 16.6296 10.6757 6.04932 0.812908 0.292429 -0.39695 -0.316819 
-1.41797 23.1007 19.6157 16.6071 10.6882 6.06417 0.819459 0.297018 -0.395807 -0.315908 
-1.40987 23.0273 19.4759 16.5844 10.7007 6.07908 0.826022 0.301609 -0.394677 -0.315008 
-1.4018 22.9534 19.3356 16.5617 10.7133 6.09403 0.832596 0.306202 -0.393559 -0.314117 
-1.39376 22.8791 19.1949 16.5388 10.7259 6.10904 0.839183 0.310799 -0.392454 -0.313236 
-1.38576 22.8042 19.0538 16.5158 10.7386 6.1241 0.845783 0.315399 -0.39136 -0.312364 
-1.3778 22.7289 18.9124 16.4926 10.7512 6.13921 0.852396 0.320003 -0.390279 -0.311502 
-1.36987 22.6531 18.7704 16.4694 10.764 6.15438 0.859025 0.324611 -0.389209 -0.31065 
-1.36197 22.5767 18.6281 16.446 10.7767 6.16962 0.865669 0.329225 -0.388152 -0.309807 
-1.35411 22.4998 18.4853 16.4225 10.7895 6.18491 0.87233 0.333844 -0.387106 -0.308973 
-1.34628 22.4225 18.3421 16.3989 10.8024 6.20026 0.879007 0.338469 -0.386071 -0.308149 
-1.33848 22.3445 18.1984 16.3752 10.8153 6.21568 0.885702 0.343101 -0.385048 -0.307334 
-1.33071 22.2661 18.0542 16.3513 10.8282 6.23116 0.892416 0.34774 -0.384037 -0.306527 
-1.32298 22.1871 17.9096 16.3273 10.8412 6.24671 0.899149 0.352387 -0.383036 -0.30573 
-1.31528 22.1075 17.7645 16.3031 10.8542 6.26233 0.905902 0.357042 -0.382047 -0.304942 
-1.30761 22.0274 17.6189 16.2789 10.8673 6.27801 0.912676 0.361705 -0.381069 -0.304163 
-1.29997 21.9467 17.4728 16.2545 10.8804 6.29377 0.919472 0.366378 -0.380102 -0.303392 
-1.29236 21.8655 17.3262 16.2299 10.8936 6.30961 0.92629 0.371061 -0.379146 -0.302631 
-1.28478 21.7836 17.1791 16.2052 10.9069 6.32551 0.933131 0.375754 -0.378201 -0.301878 
-1.27723 21.7011 17.0314 16.1804 10.9202 6.3415 0.939996 0.380458 -0.377267 -0.301133 
-1.26971 21.6181 16.8833 16.1554 10.9335 6.35756 0.946886 0.385173 -0.376343 -0.300397 
-1.26222 21.5344 16.7345 16.1303 10.9469 6.3737 0.953801 0.3899 -0.37543 -0.29967 
-1.25476 21.4501 16.5852 16.105 10.9604 6.38992 0.960743 0.39464 -0.374528 -0.298951 
-1.24733 21.3651 16.4354 16.0795 10.9739 6.40622 0.967712 0.399393 -0.373635 -0.29824 
-1.23993 21.2795 16.2849 16.0539 10.9875 6.42261 0.974709 0.404159 -0.372754 -0.297537 
-1.23256 21.1933 16.1339 16.0282 11.0011 6.43909 0.981734 0.408939 -0.371882 -0.296843 
-1.22521 21.1063 15.9823 16.0022 11.0148 6.45565 0.98879 0.413735 -0.371021 -0.296157 
-1.2179 21.0187 15.83 15.9761 11.0286 6.4723 0.995876 0.418545 -0.37017 -0.295479 
-1.21061 20.9304 15.6772 15.9499 11.0424 6.48905 1.00299 0.423372 -0.369328 -0.294809 
-1.20334 20.8414 15.5237 15.9234 11.0563 6.50588 1.01014 0.428215 -0.368497 -0.294147 
-1.19611 20.7517 15.3695 15.8968 11.0702 6.52281 1.01732 0.433074 -0.367676 -0.293492 
-1.1889 20.6613 15.2147 15.87 11.0842 6.53983 1.02454 0.437952 -0.366865 -0.292846 
-1.18172 20.5701 15.0593 15.843 11.0983 6.55695 1.03179 0.442848 -0.366063 -0.292208 
-1.17456 20.4782 14.9031 15.8159 11.1125 6.57418 1.03908 0.447762 -0.365271 -0.291577 
-1.16743 20.3855 14.7463 15.7885 11.1267 6.5915 1.0464 0.452696 -0.364489 -0.290954 
-1.16033 20.292 14.5887 15.7609 11.141 6.60892 1.05376 0.45765 -0.363716 -0.290338 
-1.15325 20.1977 14.4305 15.7331 11.1553 6.62645 1.06116 0.462624 -0.362953 -0.28973 
-1.1462 20.1027 14.2715 15.7052 11.1697 6.64408 1.0686 0.46762 -0.362199 -0.28913 
-1.13917 20.0068 14.1118 15.677 11.1842 6.66182 1.07608 0.472638 -0.361454 -0.288537 
-1.13217 19.9101 13.9513 15.6486 11.1988 6.67966 1.0836 0.477678 -0.360719 -0.287952 
-1.12519 19.8125 13.79 15.62 11.2134 6.69762 1.09116 0.482741 -0.359993 -0.287374 
-1.11824 19.7141 13.628 15.5911 11.2281 6.71569 1.09876 0.487828 -0.359277 -0.286803 
-1.11131 19.6148 13.4651 15.562 11.2429 6.73387 1.10641 0.492939 -0.358569 -0.28624 
-1.1044 19.5146 13.3015 15.5327 11.2577 6.75217 1.1141 0.498076 -0.35787 -0.285684 
-1.09752 19.4135 13.137 15.5032 11.2726 6.77059 1.12184 0.503238 -0.357181 -0.285135 
-1.09066 19.3114 12.9717 15.4734 11.2876 6.78912 1.12963 0.508427 -0.356501 -0.284593 
-1.08382 19.2085 12.8055 15.4433 11.3027 6.80778 1.13746 0.513642 -0.355829 -0.284059 
-1.07701 19.1045 12.6385 15.413 11.3178 6.82655 1.14534 0.518886 -0.355166 -0.283531 
-1.07022 18.9996 12.4706 15.3824 11.333 6.84545 1.15328 0.524158 -0.354512 -0.283011 
-1.06345 18.8937 12.3018 15.3516 11.3483 6.86448 1.16126 0.529459 -0.353867 -0.282497 
-1.05671 18.7868 12.132 15.3205 11.3637 6.88363 1.1693 0.53479 -0.353231 -0.281991 
-1.04999 18.6789 11.9614 15.2891 11.3791 6.90291 1.17739 0.540152 -0.352603 -0.281491 
-1.04328 18.5699 11.7898 15.2574 11.3946 6.92232 1.18553 0.545545 -0.351984 -0.280998 
-1.0366 18.4599 11.6172 15.2254 11.4102 6.94187 1.19373 0.55097 -0.351373 -0.280513 
-1.02995 18.3488 11.4437 15.1932 11.4259 6.96155 1.20199 0.556428 -0.350771 -0.280033 
-1.02331 18.2365 11.2691 15.1606 11.4416 6.98136 1.2103 0.56192 -0.350178 -0.279561 
-1.01669 18.1232 11.0936 15.1277 11.4574 7.00132 1.21867 0.567447 -0.349593 -0.279096 
-1.0101 18.0087 10.917 15.0945 11.4733 7.02141 1.22711 0.573008 -0.349016 -0.278637 
-1.00353 17.893 10.7394 15.0609 11.4892 7.04164 1.2356 0.578606 -0.348448 -0.278185 
-0.996972 17.7761 10.5607 15.027 11.5053 7.06202 1.24416 0.58424 -0.347888 -0.277739 
-0.990438 17.658 10.381 14.9928 11.5214 7.08254 1.25278 0.589912 -0.347336 -0.277301 
-0.983925 17.5387 10.2001 14.9582 11.5376 7.10321 1.26146 0.595623 -0.346792 -0.276868 
-0.977431 17.4182 10.0182 14.9233 11.5538 7.12403 1.27022 0.601372 -0.346257 -0.276443 
-0.970958 17.2963 9.83505 14.888 11.5701 7.145 1.27903 0.607163 -0.34573 -0.276023 
-0.964503 17.1732 9.65079 14.8523 11.5865 7.16612 1.28792 0.612994 -0.345211 -0.275611 
-0.958068 17.0487 9.46536 14.8162 11.603 7.1874 1.29688 0.618867 -0.3447 -0.275205 
-0.951652 16.9229 9.27874 14.7798 11.6196 7.20883 1.30591 0.624783 -0.344197 -0.274805 
-0.945256 16.7957 9.09091 14.7429 11.6362 7.23042 1.31502 0.630743 -0.343702 -0.274412 
-0.938877 16.6671 8.90185 14.7056 11.6529 7.25217 1.32419 0.636748 -0.343216 -0.274025 
-0.932518 16.5371 8.71154 14.6679 11.6697 7.27409 1.33345 0.642799 -0.342737 -0.273644 
-0.926177 16.4056 8.51996 14.6298 11.6865 7.29616 1.34278 0.648896 -0.342266 -0.27327 
-0.919853 16.2727 8.32709 14.5912 11.7034 7.31841 1.35219 0.655041 -0.341803 -0.272902 
-0.913549 16.1382 8.13291 14.5522 11.7204 7.34082 1.36168 0.661235 -0.341348 -0.27254 
-0.907261 16.0022 7.9374 14.5127 11.7374 7.3634 1.37125 0.667479 -0.3409 -0.272185 
-0.900992 15.8646 7.74053 14.4727 11.7545 7.38616 1.38091 0.673773 -0.340461 -0.271836 
-0.89474 15.7255 7.54229 14.4323 11.7717 7.40909 1.39065 0.68012 -0.340029 -0.271493 
-0.888506 15.5847 7.34265 14.3913 11.7889 7.43219 1.40047 0.686519 -0.339605 -0.271157 
-0.882288 15.4422 7.14158 14.3499 11.8062 7.45547 1.41039 0.692972 -0.339189 -0.270826 
-0.876088 15.2981 6.93908 14.3079 11.8236 7.47894 1.42039 0.699481 -0.338781 -0.270502 
-0.869904 15.1522 6.73512 14.2654 11.841 7.50259 1.43049 0.706046 -0.33838 -0.270184 
-0.863738 15.0046 6.52966 14.2223 11.8585 7.52642 1.44068 0.712668 -0.337987 -0.269872 
-0.857587 14.8552 6.32269 14.1787 11.8761 7.55044 1.45097 0.71935 -0.337602 -0.269567 
-0.851453 14.7039 6.11419 14.1345 11.8937 7.57464 1.46135 0.726091 -0.337224 -0.269267 
-0.845336 14.5508 5.90413 14.0898 11.9114 7.59904 1.47184 0.732893 -0.336854 -0.268974 
-0.839234 14.3959 5.69249 14.0444 11.9291 7.62364 1.48242 0.739758 -0.336491 -0.268686 
-0.833148 14.2389 5.47923 13.9984 11.9469 7.64842 1.49311 0.746687 -0.336136 -0.268405 
-0.827078 14.08 5.26435 13.9518 11.9647 7.67341 1.5039 0.75368 -0.335789 -0.26813 
-0.821023 13.9192 5.0478 13.9046 11.9826 7.6986 1.5148 0.760741 -0.33545 -0.26786 
-0.814984 13.7562 4.82957 13.8567 12.0005 7.72399 1.5258 0.767869 -0.335117 -0.267597 
-0.808961 13.5912 4.60963 13.8081 12.0185 7.74958 1.53692 0.775066 -0.334793 -0.26734 
-0.802952 13.4241 4.38796 13.7589 12.0365 7.77538 1.54815 0.782334 -0.334476 -0.267089 
-0.796958 13.2548 4.16452 13.7089 12.0545 7.80139 1.5595 0.789675 -0.334166 -0.266844 
-0.790979 13.0832 3.93929 13.6582 12.0726 7.82761 1.57097 0.797088 -0.333864 -0.266605 
-0.785015 12.9095 3.71224 13.6068 12.0907 7.85405 1.58255 0.804578 -0.33357 -0.266372 
-0.779065 12.7334 3.48335 13.5547 12.1089 7.8807 1.59426 0.812144 -0.333283 -0.266145 
-0.77313 12.555 3.25259 13.5017 12.1271 7.90757 1.60609 0.819788 -0.333003 -0.265924 
-0.767209 12.3742 3.01993 13.448 12.1453 7.93466 1.61805 0.827513 -0.332731 -0.26571 
-0.761302 12.191 2.78533 13.3934 12.1635 7.96198 1.63014 0.835319 -0.332467 -0.265501 
-0.755409 12.0053 2.54878 13.3381 12.1817 7.98952 1.64236 0.843209 -0.33221 -0.265298 
-0.749529 11.817 2.31024 13.2818 12.2 8.01729 1.65472 0.851184 -0.33196 -0.265101 
-0.743664 11.6262 2.06968 13.2247 12.2183 8.04529 1.66721 0.859246 -0.331718 -0.26491 
-0.737812 11.4327 1.82708 13.1667 12.2366 8.07353 1.67985 0.867397 -0.331484 -0.264725 
-0.731973 11.2366 1.5824 13.1079 12.2549 8.102 1.69262 0.875638 -0.331257 -0.264546 
-0.726148 11.0377 1.33561 13.048 12.2732 8.13071 1.70555 0.883973 -0.331037 -0.264373 
-0.720335 10.836 1.08668 12.9872 12.2915 8.15966 1.71862 0.892402 -0.330825 -0.264206 
-0.714536 10.6315 0.835584 12.9255 12.3098 8.18885 1.73185 0.900929 -0.33062 -0.264045 
-0.70875 10.4241 0.582285 12.8627 12.328 8.21829 1.74523 0.909554 -0.330423 -0.263891 
-0.702976 10.2137 0.326754 12.7989 12.3463 8.24798 1.75877 0.91828 -0.330234 -0.263742 
-0.697215 10.0003 0.0689571 12.734 12.3645 8.27792 1.77247 0.927109 -0.330052 -0.263599 
-0.691466 9.78377 -0.191137 12.6681 12.3827 8.30812 1.78634 0.936044 -0.329877 -0.263462 
-0.68573 9.56412 -0.453561 12.601 12.4009 8.33857 1.80037 0.945087 -0.32971 -0.263332 
-0.680006 9.34125 -0.718347 12.5328 12.419 8.36928 1.81458 0.95424 -0.329551 -0.263207 
-0.674294 9.1151 -0.98553 12.4635 12.4371 8.40025 1.82896 0.963506 -0.329399 -0.263089 
-0.668593 8.88561 -1.25514 12.3929 12.4551 8.43149 1.84352 0.972887 -0.329254 -0.262976 
-0.662905 8.65271 -1.52722 12.3212 12.4731 8.46299 1.85827 0.982386 -0.329118 -0.26287 
-0.657229 8.41632 -1.80179 12.2482 12.491 8.49476 1.8732 0.992005 -0.328989 -0.26277 
-0.651564 8.17639 -2.07889 12.1739 12.5088 8.52681 1.88833 1.00175 -0.328867 -0.262675 
-0.64591 7.93282 -2.35856 12.0983 12.5266 8.55913 1.90365 1.01162 -0.328754 -0.262588 
-0.640268 7.68556 -2.64083 12.0213 12.5442 8.59173 1.91916 1.02161 -0.328648 -0.262506 
-0.634637 7.43451 -2.92573 11.943 12.5618 8.62461 1.93489 1.03174 -0.328549 -0.26243 
-0.629017 7.17962 -3.21331 11.8632 12.5792 8.65777 1.95082 1.04201 -0.328459 -0.262361 
-0.623408 6.92079 -3.50358 11.782 12.5966 8.69122 1.96696 1.05241 -0.328376 -0.262298 
-0.61781 6.65794 -3.7966 11.6993 12.6138 8.72495 1.98333 1.06295 -0.328301 -0.262241 
-0.612222 6.39099 -4.09239 11.6151 12.6308 8.75898 1.99991 1.07364 -0.328233 -0.262191 
-0.606646 6.11986 -4.39099 11.5293 12.6478 8.7933 2.01673 1.08447 -0.328174 -0.262146 
-0.601079 5.84446 -4.69243 11.4419 12.6645 8.82791 2.03377 1.09546 -0.328122 -0.262108 
-0.595524 5.5647 -4.99676 11.3529 12.6811 8.86283 2.05106 1.1066 -0.328079 -0.262077 
-0.589978 5.28049 -5.30399 11.2621 12.6975 8.89804 2.06858 1.1179 -0.328043 -0.262052 
-0.584442 4.99173 -5.61418 11.1696 12.7138 8.93356 2.08636 1.12936 -0.328015 -0.262033 
-0.578917 4.69834 -5.92735 11.0754 12.7298 8.96939 2.10439 1.14099 -0.327996 -0.262021 
-0.573402 4.40021 -6.24354 10.9793 12.7456 9.00552 2.12269 1.1528 -0.327984 -0.262015 
-0.567896 4.09725 -6.56278 10.8813 12.7611 9.04197 2.14125 1.16477 -0.327981 -0.262016 
-0.5624 3.78935 -6.88511 10.7814 12.7765 9.07872 2.16008 1.17693 -0.327986 -0.262024 
-0.556913 3.47641 -7.21055 10.6796 12.7915 9.1158 2.1792 1.18926 -0.327999 -0.262038 
-0.551437 3.15832 -7.53915 10.5757 12.8063 9.15319 2.1986 1.20179 -0.32802 -0.262058 
-0.545969 2.83498 -7.87094 10.4697 12.8207 9.1909 2.2183 1.21451 -0.328049 -0.262086 
-0.540511 2.50628 -8.20594 10.3616 12.8349 9.22893 2.23829 1.22743 -0.328087 -0.26212 
-0.535062 2.17209 -8.54419 10.2513 12.8487 9.26729 2.2586 1.24055 -0.328134 -0.262161 
-0.529622 1.83232 -8.88572 10.1387 12.8622 9.30597 2.27922 1.25388 -0.328189 -0.262209 
-0.52419 1.48683 -9.23055 10.0238 12.8752 9.34498 2.30017 1.26743 -0.328252 -0.262264 
-0.518768 1.13551 -9.57872 9.90655 12.8879 9.38433 2.32145 1.28119 -0.328324 -0.262326 
-0.513355 0.778242 -9.93026 9.78684 12.9002 9.424 2.34307 1.29518 -0.328405 -0.262394 
-0.50795 0.41489 -10.2852 9.66461 12.912 9.464 2.36504 1.3094 -0.328494 -0.26247 
-0.502553 0.045331 -10.6435 9.5398 12.9234 9.50434 2.38737 1.32386 -0.328593 -0.262553 
-0.497165 -0.330567 -11.0053 9.41234 12.9342 9.54502 2.41007 1.33857 -0.3287 -0.262644 
-0.491786 -0.712936 -11.3705 9.28215 12.9446 9.58603 2.43315 1.35352 -0.328816 -0.262741 
-0.486414 -1.10191 -11.7393 9.14915 12.9544 9.62738 2.45661 1.36873 -0.328942 -0.262846 
-0.481051 -1.49764 -12.1115 9.01327 12.9636 9.66906 2.48047 1.38421 -0.329076 -0.262958 
-0.475695 -1.90025 -12.4872 8.87443 12.9722 9.71108 2.50475 1.39997 -0.32922 -0.263078 
-0.470348 -2.30989 -12.8664 8.73253 12.9802 9.75345 2.52944 1.416 -0.329374 -0.263205 
-0.465008 -2.72671 -13.2492 8.5875 12.9875 9.79615 2.55457 1.43232 -0.329536 -0.263341 
-0.459676 -3.15086 -13.6355 8.43924 12.9941 9.83919 2.58014 1.44894 -0.329709 -0.263483 
-0.454352 -3.58248 -14.0254 8.28765 12.9999 9.88256 2.60617 1.46587 -0.32989 -0.263634 
-0.449035 -4.02174 -14.4188 8.13266 13.0049 9.92627 2.63267 1.48311 -0.330082 -0.263793 
-0.443726 -4.46879 -14.8157 7.97414 13.0091 9.97032 2.65965 1.50067 -0.330284 -0.263959 
-0.438424 -4.92379 -15.2162 7.812 13.0125 10.0147 2.68713 1.51857 -0.330496 -0.264134 
-0.433129 -5.3869 -15.6202 7.64614 13.0149 10.0594 2.71512 1.53682 -0.330717 -0.264317 
-0.427841 -5.85829 -16.0276 7.47644 13.0163 10.1045 2.74364 1.55542 -0.33095 -0.264508 
-0.42256 -6.33811 -16.4386 7.30279 13.0167 10.1498 2.77271 1.57439 -0.331192 -0.264708 
-0.417286 -6.82654 -16.853 7.12507 13.0161 10.1955 2.80233 1.59373 -0.331445 -0.264916 
-0.412019 -7.32375 -17.2708 6.94315 13.0143 10.2415 2.83254 1.61347 -0.331709 -0.265134 
-0.406759 -7.82991 -17.692 6.75691 13.0113 10.2878 2.86333 1.63361 -0.331984 -0.26536 
-0.401506 -8.3452 -18.1165 6.56623 13.0071 10.3345 2.89475 1.65416 -0.33227 -0.265594 
-0.396258 -8.86977 -18.5442 6.37095 13.0015 10.3814 2.92679 1.67515 -0.332567 -0.265839 
-0.391018 -9.40382 -18.9751 6.17094 12.9946 10.4286 2.95949 1.69658 -0.332875 -0.266092 
-0.385784 -9.94751 -19.4092 5.96606 12.9862 10.4761 2.99286 1.71847 -0.333195 -0.266355 
-0.380556 -10.501 -19.8462 5.75615 12.9762 10.5239 3.02694 1.74084 -0.333527 -0.266627 
-0.375334 -11.0645 -20.2861 5.54105 12.9646 10.5719 3.06173 1.76369 -0.33387 -0.266909 
-0.370118 -11.6382 -20.7289 5.3206 12.9513 10.6202 3.09727 1.78706 -0.334226 -0.267201 
-0.364908 -12.2222 -21.1743 5.09463 12.9362 10.6688 3.13357 1.81095 -0.334594 -0.267503 
-0.359704 -12.8168 -21.6222 4.86297 12.9192 10.7176 3.17068 1.8354 -0.334975 -0.267815 
-0.354506 -13.422 -22.0724 4.62542 12.9002 10.7665 3.20861 1.8604 -0.335369 -0.268138 
-0.349314 -14.038 -22.5248 4.38181 12.8791 10.8157 3.24739 1.886 -0.335775 -0.268472 
-0.344127 -14.665 -22.9792 4.13193 12.8557 10.8651 3.28706 1.9122 -0.336196 -0.268816 
-0.338946 -15.3032 -23.4354 3.87558 12.83 10.9146 3.32765 1.93904 -0.336629 -0.269172 
-0.333771 -15.9527 -23.893 3.61254 12.8018 10.9643 3.36919 1.96654 -0.337077 -0.269539 
-0.3286 -16.6136 -24.3518 3.3426 12.771 11.0141 3.41172 1.99471 -0.337539 -0.269918 
-0.323435 -17.2861 -24.8116 3.06553 12.7374 11.0639 3.45527 2.0236 -0.338016 -0.270308 
-0.318275 -17.9702 -25.2719 2.78109 12.7009 11.1138 3.49988 2.05323 -0.338507 -0.270711 
-0.313121 -18.6661 -25.7325 2.48902 12.6613 11.1637 3.5456 2.08363 -0.339013 -0.271126 
-0.307971 -19.3739 -26.1928 2.18908 12.6184 11.2136 3.59247 2.11482 -0.339536 -0.271555 
-0.302826 -20.0935 -26.6526 1.881 12.572 11.2635 3.64054 2.14686 -0.340074 -0.271996 
-0.297686 -20.8251 -27.1112 1.56449 12.522 11.3132 3.68986 2.17976 -0.340628 -0.27245 
-0.292551 -21.5687 -27.5681 1.23927 12.4681 11.3628 3.74047 2.21358 -0.3412 -0.272919 
-0.28742 -22.3242 -28.0227 0.905045 12.4101 11.4122 3.79243 2.24834 -0.341788 -0.273402 
-0.282294 -23.0917 -28.4744 0.561496 12.3477 11.4614 3.84581 2.28409 -0.342395 -0.273899 
-0.277173 -23.8709 -28.9225 0.208303 12.2807 11.5102 3.90066 2.32089 -0.343019 -0.274412 
-0.272056 -24.6618 -29.3661 -0.154871 12.2088 11.5586 3.95705 2.35877 -0.343663 -0.27494 
-0.266943 -25.4642 -29.8045 -0.528374 12.1317 11.6066 4.01505 2.39779 -0.344326 -0.275483 
-0.261834 -26.2778 -30.2365 -0.912567 12.0491 11.654 4.07473 2.438 -0.345008 -0.276044 
-0.25673 -27.1023 -30.6613 -1.30783 11.9606 11.7007 4.13617 2.47946 -0.345712 -0.276621 
-0.25163 -27.9374 -31.0775 -1.71454 11.8658 11.7467 4.19946 2.52224 -0.346436 -0.277216 
-0.246533 -28.7826 -31.484 -2.1331 11.7643 11.7918 4.26469 2.5664 -0.347183 -0.277829 
-0.241441 -29.6372 -31.8794 -2.56394 11.6558 11.8359 4.33195 2.61202 -0.347952 -0.278461 
-0.236352 -30.5006 -32.262 -3.00748 11.5396 11.8788 4.40135 2.65917 -0.348744 -0.279113 
-0.231267 -31.372 -32.6303 -3.46417 11.4154 11.9205 4.473 2.70794 -0.349562 -0.279785 
-0.226186 -32.2504 -32.9822 -3.93446 11.2825 11.9607 4.54702 2.75841 -0.350404 -0.280478 
-0.221108 -33.1346 -33.3158 -4.41882 11.1404 11.9992 4.62353 2.81069 -0.351273 -0.281193 
-0.216034 -34.0233 -33.6287 -4.91773 10.9884 12.0359 4.70268 2.86488 -0.352169 -0.28193 
-0.210964 -34.915 -33.9184 -5.43168 10.8258 12.0704 4.78461 2.92109 -0.353093 -0.282692 
-0.205896 -35.8077 -34.1821 -5.96118 10.6518 12.1026 4.86948 2.97945 -0.354048 -0.283478 
-0.200832 -36.6995 -34.4166 -6.50673 10.4656 12.1321 4.95748 3.04009 -0.355033 -0.284291 
-0.195771 -37.5877 -34.6186 -7.06884 10.2663 12.1586 5.04878 3.10316 -0.356051 -0.28513 
-0.190713 -38.4696 -34.7842 -7.64802 10.0528 12.1817 5.1436 3.16881 -0.357103 -0.285998 
-0.185658 -39.3418 -34.9091 -8.24478 9.82413 12.2011 5.24216 3.23723 -0.35819 -0.286896 
-0.180606 -40.2005 -34.9887 -8.85961 9.57897 12.2162 5.34471 3.3086 -0.359315 -0.287826 
-0.175557 -41.0412 -35.0176 -9.49299 9.31601 12.2265 5.45151 3.38314 -0.36048 -0.288789 
-0.17051 -41.8588 -34.99 -10.1454 9.03379 12.2314 5.56286 3.46108 -0.361686 -0.289787 
-0.165466 -42.6472 -34.8993 -10.8171 8.73066 12.2303 5.67908 3.54267 -0.362935 -0.290823 
-0.160425 -43.3997 -34.7382 -11.5086 8.40483 12.2224 5.80054 3.62821 -0.364232 -0.291898 
-0.155386 -44.108 -34.4986 -12.2201 8.05428 12.2067 5.92764 3.718 -0.365578 -0.293014 
-0.15035 -44.763 -34.1711 -12.9517 7.67678 12.1824 6.0608 3.81242 -0.366976 -0.294176 
-0.145316 -45.3537 -33.7454 -13.7035 7.26982 12.1482 6.20053 3.91185 -0.36843 -0.295386 
-0.140284 -45.8675 -33.2101 -14.4753 6.83059 12.1028 6.34738 4.01675 -0.369944 -0.296646 
-0.135255 -46.2896 -32.552 -15.2667 6.35595 12.0446 6.50196 4.12763 -0.371523 -0.297962 
-0.130228 -46.603 -31.7565 -16.077 5.84234 11.9719 6.66498 4.24507 -0.37317 -0.299338 
-0.125202 -46.7875 -30.807 -16.905 5.28573 11.8826 6.83722 4.36973 -0.374892 -0.300778 
-0.120179 -46.8196 -29.6848 -17.7492 4.68158 11.7741 7.01959 4.50238 -0.376694 -0.302289 
-0.115157 -46.6719 -28.369 -18.6073 4.02469 11.6436 7.21312 4.64391 -0.378585 -0.303875 
-0.110138 -46.3119 -26.8357 -19.4761 3.30914 11.4876 7.41899 4.79533 -0.380571 -0.305547 
-0.10512 -45.702 -25.0582 -20.3515 2.52813 11.302 7.63859 4.95786 -0.382662 -0.307311 
-0.100103 -44.7975 -23.0066 -21.2277 1.67388 11.0818 7.87351 5.13294 -0.384868 -0.309178 
-0.0950886 -43.5462 -20.6471 -22.0972 0.737403 10.8208 8.12563 5.32227 -0.387203 -0.311161 
-0.0900753 -41.8867 -17.9423 -22.95 -0.291651 10.5118 8.39715 5.5279 -0.389679 -0.313274 
-0.0850634 -39.7469 -14.8506 -23.773 -1.42523 10.1457 8.69068 5.75232 -0.392315 -0.315535 
-0.0800528 -37.0428 -11.3268 -24.5487 -2.67711 9.71109 9.00933 5.99858 -0.395128 -0.317966 
-0.0750435 -33.6766 -7.32253 -25.2541 -4.06308 9.19403 9.35679 6.27044 -0.398141 -0.320592 
-0.0700354 -29.5356 -2.78751 -25.8588 -5.60112 8.57683 9.73746 6.57257 -0.401379 -0.323449 
-0.0650283 -24.4917 2.32748 -26.3222 -7.31135 7.83718 10.1566 6.91081 -0.404869 -0.326576 
-0.0600222 -18.4029 8.06568 -26.5906 -9.21555 6.94686 10.6202 7.29247 -0.408637 -0.330027 
-0.0550171 -11.1178 14.4556 -26.5924 -11.336 5.87008 11.1354 7.72668 -0.412708 -0.333866 
-0.0500128 -2.48685 21.4961 -26.2328 -13.6929 4.56188 11.7098 8.22472 -0.417095 -0.338175 
-0.0450093 7.61451 29.1319 -25.3869 -16.2989 2.96663 12.3508 8.8002 -0.421783 -0.343052 
-0.0400065 19.2422 37.2133 -23.8927 -19.1492 1.01794 13.0642 9.46874 -0.426706 -0.348608 
-0.0350043 32.3055 45.435 -21.5478 -22.2037 -1.358 13.8502 10.2464 -0.431698 -0.354959 
-0.0300027 46.4379 53.2482 -18.1151 -25.3581 -4.23117 14.6978 11.146 -0.436419 -0.36219 
-0.0250016 60.805 59.7552 -13.3541 -28.4013 -7.64147 15.5736 12.1686 -0.440254 -0.370301 
-0.0200008 73.8755 63.6305 -7.10043 -30.9655 -11.5487 16.4078 13.2891 -0.442202 -0.379086 
-0.0150003 83.2822 63.1874 0.584718 -32.5 -15.758 17.0806 14.4365 -0.440847 -0.387992 
-0.0100001 86.062 56.778 9.21446 -32.334 -19.8484 17.4255 15.4778 -0.434571 -0.395995 
-0.005 79.6164 43.6349 17.7539 -29.9031 -23.1846 17.2699 16.2297 -0.42218 -0.401696 
9.96071e-17 63.2588 24.8021 24.8021 -25.1021 -25.1021 16.5188 16.5188 -0.40378 -0.40378 
0.005 39.2522 3.27065 29.1516 -18.5054 -25.224 15.2304 16.2706 -0.381211 -0.401696 
0.0100001 12.0879 -17.1962 30.3674 -11.181 -23.6666 13.6072 15.5549 -0.35742 -0.395995 
0.0150003 -13.6216 -33.7164 28.8862 -4.1985 -20.9405 11.8981 14.5422 -0.335138 -0.387992 
0.0200008 -34.8638 -45.1088 25.6221 1.75705 -17.6597 10.2967 13.4154 -0.315971 -0.379086 
0.0250016 -50.564 -51.6138 21.4954 6.44824 -14.3116 8.9035 12.3085 -0.300348 -0.370301 
0.0300027 -60.99 -54.1797 17.1836 9.94061 -11.1863 7.74269 11.2945 -0.287962 -0.36219 
0.0350043 -67.023 -53.8935 13.0894 12.4335 -8.41213 6.79611 10.3999 -0.278219 -0.354959 
0.0400065 -69.6703 -51.6992 9.40681 14.1504 -6.01673 6.0295 9.62493 -0.27051 -0.348608 
0.0450093 -69.8357 -48.3183 6.20046 15.2884 -3.97716 5.40704 8.95767 -0.264321 -0.343052 
0.0500128 -68.2474 -44.2645 3.46448 16.0044 -2.25046 4.89747 8.38256 -0.259256 -0.338175 
0.0550171 -65.4614 -39.888 1.15998 16.4163 -0.789764 4.4756 7.88436 -0.255024 -0.333866 
0.0600222 -61.8889 -35.4203 -0.764063 16.611 0.448549 4.12193 7.44969 -0.251416 -0.330027 
0.0650283 -57.8289 -31.0097 -2.36006 16.6508 1.50225 3.82164 7.0674 -0.248283 -0.326576 
0.0700354 -53.4962 -26.7481 -3.6768 16.5809 2.40291 3.56354 6.72843 -0.245518 -0.323449 
0.0750435 -49.0432 -22.6891 -4.75751 16.4335 3.17643 3.33919 6.42554 -0.243043 -0.320592 
0.0800528 -44.5774 -18.8614 -5.63947 16.2321 3.84392 3.14216 6.15291 -0.240803 -0.317966 
0.0850634 -40.173 -15.2767 -6.35432 15.9934 4.42252 2.96752 5.90588 -0.238755 -0.315535 
0.0900753 -35.8808 -11.9364 -6.9287 15.7296 4.92615 2.81146 5.68071 -0.236869 -0.313274 
0.0950886 -31.7341 -8.83496 -7.38491 15.4496 5.36621 2.67099 5.47435 -0.23512 -0.311161 
0.100103 -27.7536 -5.96269 -7.74163 15.1599 5.75202 2.54375 5.28432 -0.233488 -0.309178 
0.10512 -23.9515 -3.30769 -8.01445 14.8652 6.09127 2.42784 5.10857 -0.23196 -0.307311 
0.110138 -20.3332 -0.856881 -8.21641 14.5689 6.39036 2.32171 4.94538 -0.230523 -0.305547 
0.115157 -16.8997 1.40318 -8.35847 14.2735 6.65461 2.22411 4.79332 -0.229166 -0.303875 
0.120179 -13.649 3.48579 -8.4498 13.981 6.8885 2.13399 4.6512 -0.227883 -0.302289 
0.125202 -10.5767 5.40382 -8.49814 13.6926 7.09581 2.05048 4.51796 -0.226664 -0.300778 
0.130228 -7.67699 7.1695 -8.51002 13.4093 7.27975 1.97283 4.39273 -0.225506 -0.299338 
0.135255 -4.94325 8.79436 -8.49096 13.1317 7.44306 1.90042 4.27475 -0.224402 -0.297962 
0.140284 -2.36822 10.2891 -8.44566 12.8603 7.5881 1.83272 4.16335 -0.223348 -0.296646 
0.145316 0.0555827 11.6638 -8.3781 12.5953 7.7169 1.76926 4.05794 -0.222341 -0.295386 
0.15035 2.33571 12.9277 -8.29168 12.3368 7.83122 1.70963 3.95802 -0.221376 -0.294176 
0.155386 4.47965 14.0891 -8.18932 12.0851 7.9326 1.6535 3.86313 -0.220451 -0.293014 
0.160425 6.49469 15.1561 -8.07351 11.8399 8.02237 1.60054 3.77287 -0.219563 -0.291898 
0.165466 8.3879 16.1358 -7.9464 11.6014 8.10172 1.55048 3.6869 -0.21871 -0.290823 
0.17051 10.1661 17.0348 -7.80982 11.3693 8.17167 1.50309 3.60487 -0.217889 -0.289787 
0.175557 11.8357 17.8592 -7.66537 11.1436 8.23314 1.45815 3.52652 -0.217099 -0.288789 
0.180606 13.4029 18.6147 -7.51442 10.9242 8.28695 1.41548 3.45158 -0.216337 -0.287826 
0.185658 14.8736 19.3062 -7.35815 10.7108 8.33381 1.37489 3.37982 -0.215603 -0.286896 
0.190713 16.2532 19.9386 -7.1976 10.5033 8.37437 1.33623 3.31102 -0.214894 -0.285998 
0.195771 17.547 20.5161 -7.03365 10.3015 8.4092 1.29938 3.245 -0.214209 -0.28513 
0.200832 18.76 21.0428 -6.86708 10.1053 8.43881 1.26419 3.18158 -0.213548 -0.284291 
0.205896 19.8966 21.5223 -6.69856 9.91444 8.46367 1.23056 3.12059 -0.212909 -0.283478 
0.210964 20.9614 21.958 -6.52867 9.72881 8.48419 1.19838 3.0619 -0.21229 -0.282692 
0.216034 21.9584 22.353 -6.35791 9.54822 8.50076 1.16756 3.00536 -0.211692 -0.28193 
0.221108 22.8914 22.7102 -6.18672 9.3725 8.5137 1.13802 2.95085 -0.211113 -0.281193 
0.226186 23.7641 23.0323 -6.01549 9.20149 8.52332 1.10966 2.89827 -0.210552 -0.280478 
0.231267 24.5798 23.3216 -5.84454 9.03501 8.52992 1.08243 2.84749 -0.210008 -0.279785 
0.236352 25.3418 23.5804 -5.67417 8.87293 8.53372 1.05625 2.79844 -0.209482 -0.279113 
0.241441 26.053 23.8108 -5.5046 8.71509 8.53498 1.03107 2.751 -0.208971 -0.278461 
0.246533 26.7163 24.0149 -5.33607 8.56134 8.53389 1.00682 2.70511 -0.208476 -0.277829 
0.25163 27.3343 24.1942 -5.16875 8.41155 8.53066 0.98346 2.66068 -0.207996 -0.277216 
0.25673 27.9096 24.3506 -5.0028 8.26558 8.52545 0.960932 2.61764 -0.207531 -0.276621 
0.261834 28.4443 24.4856 -4.83835 8.1233 8.51842 0.939196 2.57593 -0.207079 -0.276044 
0.266943 28.9409 24.6006 -4.67552 7.98458 8.50973 0.918209 2.53547 -0.206641 -0.275483 
0.272056 29.4012 24.6969 -4.5144 7.8493 8.49951 0.897932 2.49621 -0.206216 -0.27494 
0.277173 29.8273 24.7757 -4.35507 7.71735 8.48787 0.87833 2.4581 -0.205804 -0.274412 
0.282294 30.2211 24.8383 -4.19761 7.58862 8.47495 0.859368 2.42109 -0.205404 -0.273899 
0.28742 30.5842 24.8857 -4.04206 7.46299 8.46083 0.841016 2.38511 -0.205015 -0.273402 
0.292551 30.9182 24.9189 -3.88846 7.34037 8.44562 0.823243 2.35014 -0.204638 -0.272919 
0.297686 31.2248 24.9388 -3.73686 7.22066 8.42941 0.806022 2.31612 -0.204273 -0.27245 
0.302826 31.5053 24.9463 -3.58727 7.10375 8.41228 0.789328 2.28301 -0.203918 -0.271996 
0.307971 31.7612 24.9422 -3.43973 6.98957 8.3943 0.773136 2.25079 -0.203573 -0.271555 
0.313121 31.9936 24.9273 -3.29423 6.87802 8.37556 0.757424 2.2194 -0.203239 -0.271126 
0.318275 32.2039 24.9022 -3.15078 6.76902 8.3561 0.742169 2.18882 -0.202915 -0.270711 
0.323435 32.3932 24.8677 -3.0094 6.66248 8.33599 0.727352 2.15902 -0.202601 -0.270308 
0.3286 32.5626 24.8244 -2.87007 6.55834 8.31529 0.712955 2.12996 -0.202296 -0.269918 
0.333771 32.713 24.7727 -2.73278 6.4565 8.29405 0.698958 2.10161 -0.202001 -0.269539 
0.338946 32.8455 24.7134 -2.59753 6.35691 8.27232 0.685346 2.07396 -0.201714 -0.269172 
0.344127 32.961 24.6468 -2.46431 6.2595 8.25014 0.672101 2.04696 -0.201437 -0.268816 
0.349314 33.0604 24.5735 -2.3331 6.16419 8.22755 0.659211 2.02061 -0.201168 -0.268472 
0.354506 33.1444 24.494 -2.20388 6.07092 8.2046 0.646659 1.99486 -0.200908 -0.268138 
0.359704 33.2139 24.4085 -2.07663 5.97964 8.18131 0.634432 1.96972 -0.200655 -0.267815 
0.364908 33.2696 24.3176 -1.95133 5.89027 8.15773 0.622518 1.94514 -0.200412 -0.267503 
0.370118 33.3121 24.2215 -1.82796 5.80277 8.13387 0.610905 1.92111 -0.200176 -0.267201 
0.375334 33.3423 24.1207 -1.7065 5.71708 8.10978 0.599581 1.89762 -0.199947 -0.266909 
0.380556 33.3606 24.0154 -1.58691 5.63315 8.08548 0.588535 1.87464 -0.199727 -0.266627 
0.385784 33.3677 23.906 -1.46919 5.55093 8.06099 0.577757 1.85215 -0.199514 -0.266355 
0.391018 33.3641 23.7928 -1.35328 5.47036 8.03634 0.567236 1.83015 -0.199309 -0.266092 
0.396258 33.3504 23.676 -1.23918 5.3914 8.01155 0.556964 1.80861 -0.19911 -0.265839 
0.401506 33.3271 23.5558 -1.12686 5.314 7.98664 0.546931 1.78751 -0.198919 -0.265594 
0.406759 33.2947 23.4326 -1.01628 5.23813 7.96162 0.537129 1.76686 -0.198735 -0.26536 
0.412019 33.2536 23.3065 -0.907423 5.16373 7.93652 0.52755 1.74662 -0.198558 -0.265134 
0.417286 33.2043 23.1778 -0.800256 5.09077 7.91136 0.518187 1.72679 -0.198388 -0.264916 
0.42256 33.1471 23.0466 -0.694752 5.01921 7.88614 0.50903 1.70735 -0.198224 -0.264708 
0.427841 33.0826 22.9132 -0.590885 4.949 7.86088 0.500074 1.6883 -0.198067 -0.264508 
0.433129 33.0109 22.7777 -0.488625 4.88012 7.8356 0.491312 1.66962 -0.197916 -0.264317 
0.438424 32.9326 22.6402 -0.387945 4.81253 7.81031 0.482737 1.6513 -0.197772 -0.264134 
0.443726 32.8479 22.501 -0.288817 4.74619 7.78501 0.474343 1.63332 -0.197634 -0.263959 
0.449035 32.7572 22.3602 -0.191214 4.68107 7.75973 0.466125 1.61569 -0.197503 -0.263793 
0.454352 32.6608 22.2179 -0.0951093 4.61713 7.73447 0.458076 1.59838 -0.197377 -0.263634 
0.459676 32.5589 22.0743 -0.000475213 4.55436 7.70924 0.45019 1.58139 -0.197258 -0.263483 
0.465008 32.4519 21.9294 0.0927148 4.4927 7.68404 0.442464 1.56471 -0.197145 -0.263341 
0.470348 32.34 21.7834 0.184487 4.43215 7.6589 0.434892 1.54833 -0.197037 -0.263205 
0.475695 32.2234 21.6365 0.274868 4.37267 7.6338 0.427468 1.53225 -0.196936 -0.263078 
0.481051 32.1024 21.4886 0.363883 4.31422 7.60878 0.420189 1.51645 -0.19684 -0.262958 
0.486414 31.9773 21.34 0.451557 4.2568 7.58381 0.41305 1.50093 -0.19675 -0.262846 
0.491786 31.8482 21.1906 0.537916 4.20036 7.55893 0.406047 1.48567 -0.196666 -0.262741 
0.497165 31.7154 21.0406 0.622984 4.14489 7.53412 0.399175 1.47068 -0.196587 -0.262644 
0.502553 31.579 20.8901 0.706786 4.09036 7.5094 0.392431 1.45594 -0.196514 -0.262553 
0.50795 31.4392 20.7391 0.789345 4.03676 7.48477 0.385811 1.44145 -0.196446 -0.26247 
0.513355 31.2963 20.5878 0.870685 3.98404 7.46024 0.379312 1.4272 -0.196384 -0.262394 
0.518768 31.1503 20.4361 0.95083 3.93221 7.43581 0.372929 1.41319 -0.196327 -0.262326 
0.52419 31.0016 20.2842 1.0298 3.88122 7.41147 0.36666 1.3994 -0.196276 -0.262264 
0.529622 30.8501 20.132 1.10762 3.83107 7.38725 0.360501 1.38584 -0.19623 -0.262209 
0.535062 30.6961 19.9798 1.18431 3.78174 7.36314 0.354449 1.3725 -0.196189 -0.262161 
0.540511 30.5396 19.8274 1.2599 3.73319 7.33914 0.348501 1.35936 -0.196153 -0.26212 
0.545969 30.3809 19.675 1.3344 3.68543 7.31526 0.342654 1.34644 -0.196122 -0.262086 
0.551437 30.2201 19.5227 1.40783 3.63842 7.29149 0.336905 1.33371 -0.196097 -0.262058 
0.556913 30.0573 19.3703 1.48022 3.59215 7.26785 0.331252 1.32119 -0.196077 -0.262038 
0.5624 29.8926 19.2181 1.55159 3.5466 7.24433 0.325693 1.30885 -0.196062 -0.262024 
0.567896 29.7261 19.066 1.62195 3.50177 7.22094 0.320223 1.2967 -0.196052 -0.262016 
0.573402 29.5579 18.9141 1.69132 3.45762 7.19768 0.314842 1.28473 -0.196046 -0.262015 
0.578917 29.3881 18.7625 1.75973 3.41414 7.17454 0.309546 1.27294 -0.196046 -0.262021 
0.584442 29.2169 18.611 1.82719 3.37133 7.15153 0.304334 1.26133 -0.196051 -0.262033 
0.589978 29.0443 18.4598 1.89372 3.32916 7.12866 0.299203 1.24988 -0.196061 -0.262052 
0.595524 28.8704 18.3089 1.95934 3.28762 7.10592 0.294151 1.2386 -0.196075 -0.262077 
0.601079 28.6953 18.1584 2.02407 3.2467 7.08332 0.289175 1.22749 -0.196094 -0.262108 
0.606646 28.5191 18.0082 2.08792 3.20638 7.06085 0.284275 1.21653 -0.196119 -0.262146 
0.612222 28.3418 17.8584 2.1509 3.16665 7.03851 0.279448 1.20572 -0.196148 -0.262191 
0.61781 28.1635 17.709 2.21305 3.1275 7.01632 0.274692 1.19507 -0.196182 -0.262241 
0.623408 27.9843 17.56 2.27436 3.08891 6.99426 0.270005 1.18456 -0.19622 -0.262298 
0.629017 27.8043 17.4114 2.33487 3.05087 6.97234 0.265386 1.1742 -0.196263 -0.262361 
0.634637 27.6235 17.2633 2.39458 3.01338 6.95055 0.260833 1.16398 -0.196311 -0.26243 
0.640268 27.442 17.1157 2.45351 2.97641 6.92891 0.256344 1.1539 -0.196364 -0.262506 
0.64591 27.2599 16.9685 2.51167 2.93996 6.9074 0.251918 1.14395 -0.196422 -0.262588 
0.651564 27.0771 16.8219 2.56908 2.90402 6.88604 0.247552 1.13413 -0.196484 -0.262675 
0.657229 26.8938 16.6757 2.62576 2.86858 6.86481 0.243247 1.12444 -0.19655 -0.26277 
0.662905 26.71 16.5301 2.68171 2.83362 6.84372 0.238999 1.11488 -0.196622 -0.26287 
0.668593 26.5258 16.385 2.73695 2.79913 6.82277 0.234808 1.10544 -0.196698 -0.262976 
0.674294 26.3411 16.2405 2.7915 2.76511 6.80196 0.230672 1.09613 -0.196778 -0.263089 
0.680006 26.1561 16.0965 2.84536 2.73155 6.78129 0.22659 1.08693 -0.196863 -0.263207 
0.68573 25.9708 15.9531 2.89856 2.69844 6.76076 0.22256 1.07784 -0.196953 -0.263332 
0.691466 25.7852 15.8103 2.9511 2.66576 6.74036 0.218582 1.06887 -0.197048 -0.263462 
0.697215 25.5994 15.668 3.003 2.63351 6.72011 0.214654 1.06001 -0.197147 -0.263599 
0.702976 25.4133 15.5264 3.05426 2.60168 6.69999 0.210775 1.05126 -0.19725 -0.263742 
0.70875 25.2271 15.3853 3.10491 2.57027 6.68001 0.206944 1.04262 -0.197358 -0.263891 
0.714536 25.0408 15.2448 3.15494 2.53925 6.66016 0.203159 1.03408 -0.197471 -0.264045 
0.720335 24.8543 15.1049 3.20438 2.50864 6.64046 0.19942 1.02564 -0.197588 -0.264206 
0.726148 24.6678 14.9656 3.25324 2.47841 6.62088 0.195725 1.0173 -0.19771 -0.264373 
0.731973 24.4812 14.827 3.30152 2.44856 6.60145 0.192073 1.00906 -0.197836 -0.264546 
0.737812 24.2946 14.6889 3.34924 2.41908 6.58214 0.188464 1.00091 -0.197966 -0.264725 
0.743664 24.108 14.5515 3.3964 2.38997 6.56298 0.184896 0.992862 -0.198102 -0.26491 
0.749529 23.9214 14.4146 3.44303 2.36121 6.54394 0.181368 0.984902 -0.198241 -0.265101 
0.755409 23.7349 14.2784 3.48912 2.33281 6.52504 0.17788 0.977033 -0.198386 -0.265298 
0.761302 23.5484 14.1428 3.53469 2.30475 6.50627 0.17443 0.969251 -0.198535 -0.265501 
0.767209 23.3621 14.0078 3.57974 2.27703 6.48763 0.171018 0.961556 -0.198688 -0.26571 
0.77313 23.1758 13.8734 3.6243 2.24964 6.46912 0.167643 0.953946 -0.198846 -0.265924 
0.779065 22.9897 13.7397 3.66836 2.22257 6.45074 0.164303 0.946418 -0.199008 -0.266145 
0.785015 22.8037 13.6065 3.71193 2.19583 6.43249 0.160999 0.938972 -0.199175 -0.266372 
0.790979 22.6179 13.474 3.75503 2.16939 6.41437 0.157729 0.931606 -0.199346 -0.266605 
0.796958 22.4323 13.3421 3.79767 2.14326 6.39638 0.154492 0.924318 -0.199522 -0.266844 
0.802952 22.2469 13.2108 3.83985 2.11743 6.37851 0.151288 0.917107 -0.199703 -0.267089 
0.808961 22.0616 13.0801 3.88158 2.0919 6.36077 0.148115 0.909971 -0.199888 -0.26734 
0.814984 21.8766 12.95 3.92287 2.06666 6.34316 0.144974 0.902909 -0.200077 -0.267597 
0.821023 21.6919 12.8205 3.96372 2.0417 6.32566 0.141863 0.895919 -0.200271 -0.26786 
0.827078 21.5073 12.6916 4.00416 2.01701 6.30829 0.138782 0.889 -0.20047 -0.26813 
0.833148 21.3231 12.5634 4.04417 1.99261 6.29105 0.13573 0.88215 -0.200673 -0.268405 
0.839234 21.1391 12.4357 4.08378 1.96847 6.27392 0.132707 0.875368 -0.200881 -0.268686 
0.845336 20.9553 12.3086 4.12299 1.94459 6.25692 0.129711 0.868654 -0.201093 -0.268974 
0.851453 20.7719 12.1821 4.1618 1.92097 6.24003 0.126742 0.862004 -0.20131 -0.269267 
0.857587 20.5887 12.0562 4.20023 1.89761 6.22327 0.123799 0.855419 -0.201532 -0.269567 
0.863738 20.4059 11.9309 4.23827 1.87449 6.20662 0.120882 0.848897 -0.201758 -0.269872 
0.869904 20.2233 11.8062 4.27595 1.85162 6.19008 0.117991 0.842437 -0.201988 -0.270184 
0.876088 20.041 11.6821 4.31326 1.82899 6.17367 0.115124 0.836038 -0.202224 -0.270502 
0.882288 19.8591 11.5585 4.35021 1.8066 6.15737 0.112281 0.829698 -0.202464 -0.270826 
0.888506 19.6775 11.4355 4.38681 1.78443 6.14118 0.109462 0.823416 -0.202708 -0.271157 
0.89474 19.4962 11.313 4.42307 1.76249 6.1251 0.106665 0.817191 -0.202958 -0.271493 
0.900992 19.3153 11.1912 4.45898 1.74078 6.10914 0.103891 0.811023 -0.203211 -0.271836 
0.907261 19.1347 11.0699 4.49456 1.71928 6.09329 0.101138 0.804909 -0.20347 -0.272185 
0.913549 18.9544 10.9491 4.52982 1.698 6.07755 0.0984073 0.79885 -0.203733 -0.27254 
0.919853 18.7745 10.8289 4.56476 1.67693 6.06192 0.095697 0.792843 -0.204001 -0.272902 
0.926177 18.5949 10.7092 4.59938 1.65607 6.04639 0.0930069 0.786888 -0.204274 -0.27327 
0.932518 18.4157 10.5901 4.63369 1.63541 6.03098 0.0903366 0.780984 -0.204552 -0.273644 
0.938877 18.2368 10.4715 4.6677 1.61495 6.01567 0.0876856 0.77513 -0.204834 -0.274025 
0.945256 18.0582 10.3534 4.70141 1.59469 6.00046 0.0850534 0.769325 -0.205121 -0.274412 
0.951652 17.8801 10.2359 4.73483 1.57462 5.98536 0.0824396 0.763568 -0.205413 -0.274805 
0.958068 17.7022 10.1188 4.76796 1.55474 5.97036 0.0798436 0.757858 -0.205709 -0.275205 
0.964503 17.5247 10.0023 4.80081 1.53504 5.95546 0.0772651 0.752194 -0.206011 -0.275611 
0.970958 17.3476 9.88633 4.83338 1.51553 5.94067 0.0747036 0.746576 -0.206317 -0.276023 
0.977431 17.1709 9.77084 4.86569 1.4962 5.92598 0.0721587 0.741001 -0.206628 -0.276443 
0.983925 16.9945 9.65584 4.89772 1.47704 5.91138 0.0696299 0.735471 -0.206944 -0.276868 
0.990438 16.8184 9.54134 4.9295 1.45805 5.89688 0.0671168 0.729983 -0.207265 -0.277301 
0.996972 16.6427 9.42732 4.96102 1.43924 5.88248 0.064619 0.724537 -0.207591 -0.277739 
1.00353 16.4674 9.31379 4.99228 1.42059 5.86818 0.0621361 0.719131 -0.207922 -0.278185 
1.0101 16.2924 9.20074 5.0233 1.4021 5.85397 0.0596677 0.713766 -0.208258 -0.278637 
1.01669 16.1177 9.08816 5.05407 1.38378 5.83986 0.0572134 0.708441 -0.208599 -0.279096 
1.02331 15.9434 8.97605 5.08461 1.36561 5.82584 0.0547729 0.703154 -0.208945 -0.279561 
1.02995 15.7695 8.8644 5.11491 1.3476 5.81191 0.0523456 0.697904 -0.209296 -0.280033 
1.0366 15.5959 8.75321 5.14499 1.32974 5.79807 0.0499313 0.692692 -0.209652 -0.280513 
1.04328 15.4226 8.64246 5.17483 1.31203 5.78432 0.0475297 0.687516 -0.210013 -0.280998 
1.04999 15.2497 8.53216 5.20446 1.29447 5.77066 0.0451402 0.682376 -0.210379 -0.281491 
1.05671 15.0771 8.42231 5.23386 1.27705 5.75709 0.0427626 0.677271 -0.21075 -0.281991 
1.06345 14.9049 8.31289 5.26306 1.25977 5.74361 0.0403966 0.672199 -0.211127 -0.282497 
1.07022 14.7329 8.20389 5.29204 1.24263 5.73022 0.0380417 0.667161 -0.211509 -0.283011 
1.07701 14.5614 8.09532 5.32082 1.22563 5.7169 0.0356976 0.662156 -0.211896 -0.283531 
1.08382 14.3901 7.98717 5.34939 1.20876 5.70368 0.033364 0.657183 -0.212288 -0.284059 
1.09066 14.2192 7.87943 5.37777 1.19203 5.69053 0.0310406 0.652241 -0.212686 -0.284593 
1.09752 14.0486 7.7721 5.40595 1.17542 5.67747 0.0287269 0.64733 -0.213089 -0.285135 
1.1044 13.8783 7.66517 5.43394 1.15894 5.66449 0.0264228 0.642449 -0.213497 -0.285684 
1.11131 13.7083 7.55864 5.46174 1.14259 5.65159 0.0241279 0.637598 -0.213911 -0.28624 
1.11824 13.5386 7.45249 5.48936 1.12636 5.63877 0.0218418 0.632775 -0.21433 -0.286803 
1.12519 13.3692 7.34674 5.5168 1.11024 5.62603 0.0195642 0.62798 -0.214755 -0.287374 
1.13217 13.2001 7.24136 5.54405 1.09425 5.61336 0.0172949 0.623212 -0.215185 -0.287952 
1.13917 13.0314 7.13635 5.57114 1.07837 5.60077 0.0150335 0.618472 -0.21562 -0.288537 
1.1462 12.8629 7.03172 5.59805 1.06261 5.58826 0.0127797 0.613757 -0.216061 -0.28913 
1.15325 12.6947 6.92745 5.62479 1.04695 5.57582 0.0105333 0.609069 -0.216508 -0.28973 
1.16033 12.5268 6.82353 5.65136 1.03141 5.56345 0.00829383 0.604405 -0.216961 -0.290338 
1.16743 12.3592 6.71997 5.67778 1.01597 5.55116 0.00606112 0.599766 -0.217419 -0.290954 
1.17456 12.1918 6.61676 5.70403 1.00064 5.53893 0.00383486 0.59515 -0.217883 -0.291577 
1.18172 12.0247 6.51388 5.73012 0.985413 5.52678 0.00161475 0.590558 -0.218352 -0.292208 
1.1889 11.8579 6.41135 5.75606 0.970287 5.51469 -0.000599495 0.585989 -0.218828 -0.292846 
1.19611 11.6913 6.30914 5.78185 0.95526 5.50268 -0.00280815 0.581442 -0.219309 -0.293492 
1.20334 11.525 6.20726 5.80749 0.940332 5.49073 -0.00501151 0.576916 -0.219796 -0.294147 
1.21061 11.359 6.1057 5.83299 0.925499 5.47884 -0.00720984 0.572411 -0.220289 -0.294809 
1.2179 11.1931 6.00445 5.85834 0.91076 5.46702 -0.00940341 0.567927 -0.220788 -0.295479 
1.22521 11.0276 5.90351 5.88354 0.896113 5.45527 -0.0115925 0.563463 -0.221293 -0.296157 
1.23256 10.8622 5.80288 5.90861 0.881556 5.44358 -0.0137774 0.559018 -0.221804 -0.296843 
1.23993 10.6971 5.70254 5.93354 0.867089 5.43195 -0.0159583 0.554592 -0.222321 -0.297537 
1.24733 10.5322 5.6025 5.95834 0.852708 5.42038 -0.0181356 0.550184 -0.222844 -0.29824 
1.25476 10.3676 5.50275 5.98301 0.838412 5.40887 -0.0203095 0.545794 -0.223374 -0.298951 
1.26222 10.2031 5.40328 6.00754 0.8242 5.39742 -0.0224802 0.541421 -0.223909 -0.29967 
1.26971 10.0389 5.30408 6.03195 0.81007 5.38602 -0.024648 0.537065 -0.224451 -0.300397 
1.27723 9.87485 5.20516 6.05623 0.796019 5.37469 -0.0268132 0.532725 -0.224999 -0.301133 
1.28478 9.71101 5.10651 6.08039 0.782048 5.36341 -0.0289761 0.528401 -0.225554 -0.301878 
1.29236 9.54735 5.00812 6.10443 0.768153 5.35218 -0.0311368 0.524092 -0.226115 -0.302631 
1.29997 9.38389 4.90998 6.12834 0.754334 5.34101 -0.0332956 0.519798 -0.226683 -0.303392 
1.30761 9.2206 4.8121 6.15214 0.740588 5.32989 -0.0354529 0.515518 -0.227257 -0.304163 
1.31528 9.05749 4.71446 6.17583 0.726915 5.31882 -0.0376088 0.511252 -0.227837 -0.304942 
1.32298 8.89454 4.61706 6.1994 0.713312 5.3078 -0.0397637 0.506999 -0.228424 -0.30573 
1.33071 8.73176 4.5199 6.22286 0.699779 5.29683 -0.0419176 0.502758 -0.229018 -0.306527 
1.33848 8.56914 4.42298 6.2462 0.686313 5.2859 -0.044071 0.49853 -0.229619 -0.307334 
1.34628 8.40666 4.32627 6.26944 0.672914 5.27503 -0.046224 0.494314 -0.230227 -0.308149 
1.35411 8.24434 4.22979 6.29257 0.659579 5.2642 -0.048377 0.490109 -0.230841 -0.308973 
1.36197 8.08215 4.13353 6.3156 0.646308 5.25342 -0.05053 0.485914 -0.231462 -0.309807 
1.36987 7.92009 4.03747 6.33852 0.633098 5.24268 -0.0526835 0.48173 -0.23209 -0.31065 
1.3778 7.75817 3.94163 6.36134 0.619949 5.23198 -0.0548376 0.477556 -0.232726 -0.311502 
1.38576 7.59636 3.84598 6.38406 0.606859 5.22132 -0.0569926 0.473391 -0.233368 -0.312364 
1.39376 7.43467 3.75053 6.40668 0.593827 5.21071 -0.0591487 0.469235 -0.234017 -0.313236 
1.4018 7.27309 3.65527 6.4292 0.580852 5.20013 -0.0613062 0.465087 -0.234674 -0.314117 
1.40987 7.11161 3.5602 6.45163 0.567931 5.18959 -0.0634653 0.460948 -0.235338 -0.315008 
1.41797 6.95023 3.46531 6.47396 0.555064 5.17909 -0.0656263 0.456815 -0.23601 -0.315908 
1.42611 6.78894 3.3706 6.49619 0.542249 5.16862 -0.0677894 0.45269 -0.236688 -0.316819 
1.43429 6.62774 3.27606 6.51833 0.529485 5.15819 -0.0699548 0.448571 -0.237375 -0.31774 
1.4425 6.46662 3.18169 6.54038 0.516771 5.14779 -0.0721228 0.444458 -0.238068 -0.31867 
1.45075 6.30557 3.08748 6.56234 0.504106 5.13743 -0.0742937 0.440351 -0.23877 -0.319611 
1.45904 6.14459 2.99342 6.58421 0.491487 5.12709 -0.0764676 0.436249 -0.239479 -0.320563 
1.46736 5.98367 2.89952 6.60599 0.478915 5.11679 -0.0786449 0.432152 -0.240196 -0.321524 
1.47573 5.8228 2.80577 6.62769 0.466387 5.10651 -0.0808257 0.428058 -0.240921 -0.322496 
1.48413 5.66198 2.71217 6.64929 0.453903 5.09626 -0.0830104 0.423969 -0.241653 -0.323479 
1.49257 5.50121 2.6187 6.67081 0.44146 5.08604 -0.0851991 0.419882 -0.242394 -0.324473 
1.50105 5.34047 2.52537 6.69225 0.429059 5.07584 -0.0873921 0.415799 -0.243142 -0.325477 
1.50957 5.17977 2.43216 6.7136 0.416698 5.06567 -0.0895897 0.411717 -0.243899 -0.326492 
1.51812 5.01908 2.33909 6.73487 0.404375 5.05551 -0.0917921 0.407638 -0.244664 -0.327518 
1.52672 4.85842 2.24613 6.75605 0.392089 5.04538 -0.0939995 0.40356 -0.245438 -0.328555 
1.53536 4.69777 2.15329 6.77715 0.37984 5.03527 -0.0962122 0.399483 -0.246219 -0.329604 
1.54404 4.53713 2.06056 6.79818 0.367626 5.02518 -0.0984305 0.395406 -0.247009 -0.330663 
1.55277 4.37648 1.96795 6.81912 0.355445 5.01511 -0.100655 0.391329 -0.247808 -0.331735 
1.56153 4.21583 1.87543 6.83998 0.343298 5.00505 -0.102885 0.387252 -0.248616 -0.332817 
1.57034 4.05517 1.78301 6.86076 0.331182 4.99501 -0.105121 0.383173 -0.249432 -0.333912 
1.57919 3.89449 1.69069 6.88146 0.319096 4.98498 -0.107364 0.379094 -0.250256 -0.335018 
1.58809 3.73378 1.59845 6.90208 0.307039 4.97496 -0.109614 0.375012 -0.25109 -0.336136 
1.59703 3.57305 1.50631 6.92262 0.295011 4.96495 -0.111871 0.370928 -0.251933 -0.337266 
1.60601 3.41228 1.41424 6.94309 0.28301 4.95495 -0.114135 0.366841 -0.252785 -0.338408 
1.61504 3.25146 1.32225 6.96347 0.271035 4.94496 -0.116406 0.362751 -0.253646 -0.339563 
1.62411 3.0906 1.23033 6.98378 0.259084 4.93498 -0.118686 0.358656 -0.254516 -0.34073 
1.63323 2.92968 1.13849 7.00401 0.247158 4.925 -0.120974 0.354558 -0.255396 -0.341909 
1.64239 2.76871 1.0467 7.02416 0.235254 4.91502 -0.12327 0.350455 -0.256285 -0.343102 
1.65161 2.60766 0.954982 7.04424 0.223372 4.90505 -0.125574 0.346346 -0.257183 -0.344307 
1.66087 2.44655 0.863316 7.06424 0.21151 4.89507 -0.127888 0.342232 -0.258092 -0.345525 
1.67017 2.28536 0.771701 7.08416 0.199667 4.8851 -0.130211 0.338111 -0.25901 -0.346756 
1.67953 2.12408 0.680135 7.104 0.187843 4.87512 -0.132543 0.333984 -0.259937 -0.348 
1.68894 1.96271 0.588613 7.12376 0.176036 4.86514 -0.134884 0.329849 -0.260875 -0.349257 
1.69839 1.80125 0.497131 7.14345 0.164246 4.85515 -0.137236 0.325706 -0.261823 -0.350529 
1.70789 1.63968 0.405685 7.16306 0.152471 4.84516 -0.139598 0.321556 -0.262782 -0.351813 
1.71745 1.47801 0.314271 7.18259 0.140709 4.83516 -0.141971 0.317396 -0.26375 -0.353112 
1.72706 1.31623 0.222885 7.20204 0.128961 4.82515 -0.144354 0.313227 -0.264729 -0.354424 
1.73671 1.15432 0.131524 7.22141 0.117225 4.81512 -0.146749 0.309048 -0.265718 -0.355751 
1.74642 0.992293 0.040183 7.2407 0.1055 4.80508 -0.149155 0.304859 -0.266718 -0.357092 
1.75619 0.830133 -0.0511413 7.25991 0.0937849 4.79503 -0.151572 0.300659 -0.267729 -0.358447 
1.766 0.667838 -0.142453 7.27904 0.0820788 4.78496 -0.154002 0.296448 -0.268751 -0.359817 
1.77587 0.505401 -0.233755 7.29809 0.0703805 4.77487 -0.156443 0.292225 -0.269784 -0.361202 
1.7858 0.342817 -0.325052 7.31706 0.0586892 4.76476 -0.158898 0.287989 -0.270828 -0.362601 
1.79578 0.18008 -0.416347 7.33594 0.0470036 4.75462 -0.161365 0.28374 -0.271883 -0.364016 
1.80581 0.0171854 -0.507644 7.35474 0.035323 4.74447 -0.163845 0.279478 -0.27295 -0.365446 
1.81591 -0.145873 -0.598946 7.37346 0.0236461 4.73428 -0.166339 0.275201 -0.274028 -0.366891 
1.82606 -0.309101 -0.690258 7.39209 0.0119721 4.72407 -0.168846 0.27091 -0.275117 -0.368352 
1.83626 -0.472503 -0.781582 7.41063 0.000299815 4.71383 -0.171368 0.266604 -0.276219 -0.369829 
1.84653 -0.636084 -0.872922 7.42909 -0.0113717 4.70356 -0.173904 0.262282 -0.277333 -0.371322 
1.85685 -0.79985 -0.964282 7.44746 -0.0230434 4.69325 -0.176455 0.257943 -0.278458 -0.372831 
1.86724 -0.963807 -1.05566 7.46573 -0.0347164 4.68291 -0.17902 0.253588 -0.279596 -0.374356 
1.87768 -1.12796 -1.14707 7.48392 -0.0463917 4.67253 -0.181601 0.249215 -0.280746 -0.375898 
1.88819 -1.29231 -1.23851 7.50201 -0.0580702 4.66211 -0.184198 0.244824 -0.281909 -0.377457 
1.89876 -1.45687 -1.32998 7.52001 -0.0697531 4.65165 -0.186811 0.240414 -0.283084 -0.379033 
1.90939 -1.62163 -1.42149 7.53792 -0.0814412 4.64114 -0.18944 0.235985 -0.284273 -0.380625 
1.92008 -1.78662 -1.51303 7.55573 -0.0931357 4.63059 -0.192086 0.231535 -0.285474 -0.382236 
1.93084 -1.95182 -1.60462 7.57343 -0.104837 4.61999 -0.194749 0.227066 -0.286688 -0.383863 
1.94166 -2.11724 -1.69626 7.59104 -0.116548 4.60934 -0.197429 0.222575 -0.287916 -0.385509 
1.95255 -2.2829 -1.78794 7.60855 -0.128267 4.59864 -0.200127 0.218062 -0.289157 -0.387173 
1.9635 -2.44879 -1.87967 7.62595 -0.139997 4.58788 -0.202843 0.213527 -0.290411 -0.388855 
1.97452 -2.61491 -1.97146 7.64325 -0.151738 4.57706 -0.205578 0.208968 -0.29168 -0.390555 
1.98561 -2.78128 -2.0633 7.66044 -0.163492 4.56619 -0.208332 0.204386 -0.292962 -0.392274 
1.99677 -2.9479 -2.1552 7.67752 -0.175259 4.55525 -0.211104 0.19978 -0.294259 -0.394012 
2.00799 -3.11477 -2.24717 7.69448 -0.18704 4.54424 -0.213897 0.195148 -0.29557 -0.395769 
2.01929 -3.28189 -2.3392 7.71134 -0.198837 4.53317 -0.216709 0.190491 -0.296895 -0.397546 
2.03066 -3.44927 -2.4313 7.72807 -0.21065 4.52203 -0.219541 0.185807 -0.298235 -0.399342 
2.0421 -3.61691 -2.52347 7.74469 -0.222481 4.51082 -0.222395 0.181095 -0.29959 -0.401158 
2.05361 -3.78482 -2.61571 7.76118 -0.23433 4.49954 -0.225269 0.176356 -0.30096 -0.402995 
2.06519 -3.953 -2.70803 7.77755 -0.246199 4.48817 -0.228165 0.171589 -0.302345 -0.404851 
2.07685 -4.12146 -2.80043 7.7938 -0.258089 4.47672 -0.231084 0.166791 -0.303746 -0.406729 
2.08859 -4.29019 -2.8929 7.80991 -0.27 4.4652 -0.234024 0.161964 -0.305162 -0.408627 
2.1004 -4.4592 -2.98546 7.82589 -0.281933 4.45358 -0.236987 0.157106 -0.306594 -0.410547 
2.11229 -4.6285 -3.0781 7.84173 -0.293891 4.44188 -0.239974 0.152216 -0.308043 -0.412488 
2.12426 -4.79808 -3.17083 7.85744 -0.305873 4.43008 -0.242984 0.147294 -0.309507 -0.414451 
2.13631 -4.96796 -3.26364 7.873 -0.31788 4.41819 -0.246018 0.142339 -0.310988 -0.416437 
2.14844 -5.13812 -3.35655 7.88841 -0.329915 4.4062 -0.249077 0.13735 -0.312486 -0.418444 
2.16064 -5.30858 -3.44955 7.90368 -0.341978 4.39411 -0.252161 0.132325 -0.314001 -0.420474 
2.17294 -5.47934 -3.54264 7.91879 -0.354069 4.38192 -0.255271 0.127266 -0.315533 -0.422528 
2.18531 -5.6504 -3.63582 7.93374 -0.36619 4.36961 -0.258406 0.122169 -0.317082 -0.424604 
2.19777 -5.82175 -3.7291 7.94854 -0.378343 4.3572 -0.261568 0.117036 -0.318649 -0.426704 
2.21031 -5.99342 -3.82248 7.96317 -0.390528 4.34467 -0.264757 0.111864 -0.320234 -0.428829 
2.22294 -6.16538 -3.91596 7.97763 -0.402746 4.33203 -0.267973 0.106653 -0.321837 -0.430977 
2.23566 -6.33766 -4.00954 7.99191 -0.414998 4.31926 -0.271217 0.101402 -0.323458 -0.43315 
2.24847 -6.51024 -4.10322 8.00602 -0.427285 4.30637 -0.27449 0.0961108 -0.325098 -0.435348 
2.26136 -6.68313 -4.19701 8.01995 -0.439609 4.29335 -0.277792 0.0907773 -0.326756 -0.437571 
2.27435 -6.85633 -4.29089 8.03369 -0.451971 4.2802 -0.281123 0.0854011 -0.328434 -0.43982 
2.28743 -7.02984 -4.38488 8.04723 -0.464371 4.26691 -0.284484 0.0799813 -0.330132 -0.442095 
2.3006 -7.20366 -4.47898 8.06058 -0.476812 4.25348 -0.287876 0.0745167 -0.331849 -0.444396 
2.31387 -7.3778 -4.57318 8.07373 -0.489293 4.23991 -0.291298 0.0690066 -0.333586 -0.446724 
2.32723 -7.55224 -4.66748 8.08667 -0.501816 4.22619 -0.294753 0.0634498 -0.335343 -0.449079 
2.34069 -7.727 -4.76189 8.0994 -0.514382 4.21232 -0.29824 0.0578453 -0.337121 -0.451462 
2.35425 -7.90206 -4.85641 8.1119 -0.526993 4.19829 -0.301759 0.0521921 -0.338919 -0.453873 
2.3679 -8.07744 -4.95103 8.12418 -0.539649 4.1841 -0.305312 0.0464891 -0.340739 -0.456312 
2.38166 -8.25312 -5.04575 8.13624 -0.552352 4.16975 -0.308899 0.0407353 -0.34258 -0.458779 
2.39552 -8.42911 -5.14059 8.14805 -0.565102 4.15522 -0.312521 0.0349295 -0.344443 -0.461276 
2.40948 -8.6054 -5.23552 8.15962 -0.577902 4.14053 -0.316178 0.0290707 -0.346328 -0.463802 
2.42355 -8.782 -5.33056 8.17094 -0.590751 4.12565 -0.319871 0.0231577 -0.348235 -0.466359 
2.43773 -8.9589 -5.4257 8.182 -0.603652 4.11059 -0.3236 0.0171893 -0.350165 -0.468945 
2.45201 -9.13609 -5.52094 8.1928 -0.616606 4.09534 -0.327367 0.0111643 -0.352118 -0.471563 
2.4664 -9.31358 -5.61629 8.20333 -0.629613 4.0799 -0.331172 0.00508165 -0.354095 -0.474212 
2.4809 -9.49136 -5.71173 8.21358 -0.642676 4.06426 -0.335015 -0.00106 -0.356095 -0.476893 
2.49552 -9.66943 -5.80727 8.22354 -0.655794 4.04841 -0.338898 -0.00726188 -0.358119 -0.479606 
2.51024 -9.84778 -5.9029 8.23321 -0.66897 4.03236 -0.34282 -0.0135253 -0.360168 -0.482352 
2.52509 -10.0264 -5.99863 8.24257 -0.682204 4.01609 -0.346784 -0.0198514 -0.362242 -0.485131 
2.54005 -10.2053 -6.09444 8.25163 -0.695499 3.9996 -0.350788 -0.0262417 -0.364341 -0.487944 
2.55513 -10.3845 -6.19035 8.26036 -0.708854 3.98288 -0.354836 -0.0326975 -0.366465 -0.490791 
2.57033 -10.5639 -6.28634 8.26876 -0.722272 3.96593 -0.358926 -0.0392201 -0.368616 -0.493673 
2.58565 -10.7436 -6.38241 8.27683 -0.735754 3.94875 -0.363059 -0.0458109 -0.370793 -0.496591 
2.60109 -10.9235 -6.47856 8.28455 -0.749301 3.93132 -0.367238 -0.0524714 -0.372996 -0.499544 
2.61666 -11.1037 -6.57479 8.29191 -0.762914 3.91363 -0.371462 -0.0592031 -0.375227 -0.502534 
2.63236 -11.2841 -6.67109 8.2989 -0.776594 3.8957 -0.375732 -0.0660074 -0.377486 -0.505561 
2.64818 -11.4647 -6.76745 8.30552 -0.790344 3.8775 -0.380049 -0.0728859 -0.379773 -0.508626 
2.66414 -11.6455 -6.86388 8.31174 -0.804164 3.85903 -0.384414 -0.07984 -0.382088 -0.511729 
2.68023 -11.8265 -6.96037 8.31757 -0.818056 3.84028 -0.388827 -0.0868715 -0.384432 -0.51487 
2.69645 -12.0078 -7.05691 8.32299 -0.832021 3.82125 -0.393291 -0.0939818 -0.386806 -0.518052 
2.71281 -12.1892 -7.15349 8.32798 -0.84606 3.80192 -0.397805 -0.101173 -0.389209 -0.521273 
2.72931 -12.3708 -7.25012 8.33254 -0.860175 3.7823 -0.402371 -0.108446 -0.391643 -0.524535 
2.74595 -12.5525 -7.34679 8.33665 -0.874367 3.76237 -0.406989 -0.115803 -0.394108 -0.527838 
2.76273 -12.7344 -7.44348 8.3403 -0.888638 3.74213 -0.411661 -0.123246 -0.396604 -0.531184 
2.77965 -12.9164 -7.54019 8.34348 -0.902989 3.72157 -0.416387 -0.130776 -0.399133 -0.534572 
2.79672 -13.0985 -7.63693 8.34617 -0.917421 3.70067 -0.421169 -0.138396 -0.401693 -0.538004 
2.81395 -13.2807 -7.73366 8.34836 -0.931937 3.67944 -0.426007 -0.146107 -0.404287 -0.54148 
2.83132 -13.463 -7.8304 8.35004 -0.946537 3.65786 -0.430903 -0.153911 -0.406914 -0.545 
2.84884 -13.6454 -7.92713 8.35119 -0.961222 3.63593 -0.435858 -0.16181 -0.409575 -0.548567 
2.86653 -13.8278 -8.02384 8.35179 -0.975996 3.61363 -0.440873 -0.169807 -0.412271 -0.55218 
2.88437 -14.0103 -8.12052 8.35183 -0.990858 3.59096 -0.445948 -0.177902 -0.415002 -0.55584 
2.90237 -14.1927 -8.21717 8.35129 -1.00581 3.5679 -0.451085 -0.186099 -0.417769 -0.559548 
2.92053 -14.3751 -8.31377 8.35016 -1.02086 3.54445 -0.456286 -0.194399 -0.420573 -0.563305 
2.93886 -14.5575 -8.41031 8.34842 -1.03599 3.5206 -0.461551 -0.202805 -0.423413 -0.567112 
2.95735 -14.7399 -8.50678 8.34605 -1.05123 3.49634 -0.466882 -0.211318 -0.426291 -0.570969 
2.97602 -14.9221 -8.60316 8.34304 -1.06656 3.47165 -0.47228 -0.219942 -0.429208 -0.574878 
2.99486 -15.1042 -8.69945 8.33936 -1.08199 3.44653 -0.477746 -0.228678 -0.432163 -0.578839 
3.01388 -15.2862 -8.79563 8.33499 -1.09752 3.42096 -0.483282 -0.237529 -0.435158 -0.582853 
3.03308 -15.4681 -8.89169 8.32992 -1.11315 3.39494 -0.488889 -0.246497 -0.438194 -0.586921 
3.05245 -15.6497 -8.98762 8.32412 -1.12888 3.36845 -0.494568 -0.255585 -0.441271 -0.591045 
3.07202 -15.8311 -9.08339 8.31758 -1.14472 3.34148 -0.50032 -0.264796 -0.44439 -0.595224 
3.09177 -16.0123 -9.17899 8.31026 -1.16067 3.31402 -0.506148 -0.274131 -0.447551 -0.59946 
3.11171 -16.1931 -9.2744 8.30216 -1.17672 3.28606 -0.512052 -0.283594 -0.450755 -0.603755 
3.13184 -16.3737 -9.36962 8.29324 -1.19288 3.25758 -0.518035 -0.293188 -0.454004 -0.608109 
3.15217 -16.5538 -9.46461 8.28349 -1.20916 3.22857 -0.524097 -0.302915 -0.457298 -0.612523 
3.1727 -16.7336 -9.55936 8.27287 -1.22555 3.19902 -0.530241 -0.312778 -0.460637 -0.616998 
3.19343 -16.9129 -9.65385 8.26136 -1.24206 3.16891 -0.536467 -0.32278 -0.464023 -0.621536 
3.21437 -17.0917 -9.74807 8.24894 -1.25868 3.13822 -0.542778 -0.332924 -0.467456 -0.626137 
3.23553 -17.27 -9.84197 8.23557 -1.27542 3.10696 -0.549175 -0.343214 -0.470938 -0.630803 
3.25689 -17.4477 -9.93556 8.22124 -1.29229 3.07509 -0.55566 -0.353652 -0.474469 -0.635535 
3.27847 -17.6248 -10.0288 8.2059 -1.30927 3.0426 -0.562234 -0.364242 -0.47805 -0.640334 
3.30027 -17.8012 -10.1216 8.18954 -1.32639 3.00949 -0.568901 -0.374987 -0.481682 -0.645201 
3.3223 -17.9768 -10.2141 8.17212 -1.34363 2.97572 -0.57566 -0.38589 -0.485366 -0.650139 
3.34456 -18.1517 -10.3061 8.15361 -1.36099 2.94129 -0.582515 -0.396955 -0.489103 -0.655147 
3.36704 -18.3258 -10.3977 8.13398 -1.37849 2.90618 -0.589467 -0.408187 -0.492894 -0.660228 
3.38977 -18.4989 -10.4888 8.11319 -1.39612 2.87037 -0.596519 -0.419587 -0.496741 -0.665382 
3.41273 -18.6711 -10.5794 8.0912 -1.41389 2.83384 -0.603672 -0.431161 -0.500643 -0.670612 
3.43594 -18.8422 -10.6694 8.06799 -1.43179 2.79658 -0.610928 -0.442911 -0.504603 -0.675919 
3.4594 -19.0123 -10.7588 8.04352 -1.44983 2.75856 -0.61829 -0.454843 -0.508621 -0.681303 
3.48311 -19.1812 -10.8477 8.01774 -1.46801 2.71976 -0.62576 -0.46696 -0.512698 -0.686767 
3.50708 -19.3488 -10.9359 7.99062 -1.48634 2.68017 -0.633339 -0.479266 -0.516836 -0.692313 
3.53132 -19.5151 -11.0233 7.96212 -1.50481 2.63976 -0.641032 -0.491766 -0.521036 -0.697942 
3.55581 -19.68 -11.1101 7.93219 -1.52343 2.59852 -0.648839 -0.504464 -0.525299 -0.703655 
3.58059 -19.8435 -11.1961 7.9008 -1.54219 2.55641 -0.656763 -0.517364 -0.529626 -0.709454 
3.60564 -20.0053 -11.2813 7.86789 -1.56111 2.51342 -0.664807 -0.530472 -0.53402 -0.715341 
3.63097 -20.1655 -11.3656 7.83342 -1.58019 2.46953 -0.672974 -0.543792 -0.53848 -0.721318 
3.65658 -20.324 -11.449 7.79735 -1.59941 2.4247 -0.681265 -0.55733 -0.543008 -0.727387 
3.68249 -20.4806 -11.5314 7.75961 -1.6188 2.37892 -0.689685 -0.571089 -0.547606 -0.733549 
3.7087 -20.6352 -11.6129 7.72017 -1.63835 2.33216 -0.698235 -0.585076 -0.552275 -0.739807 
3.73522 -20.7878 -11.6933 7.67897 -1.65806 2.28439 -0.706918 -0.599295 -0.557017 -0.746162 
3.76204 -20.9382 -11.7726 7.63596 -1.67794 2.23559 -0.715737 -0.613753 -0.561834 -0.752616 
3.78917 -21.0863 -11.8507 7.59107 -1.69798 2.18573 -0.724697 -0.628455 -0.566726 -0.759172 
3.81663 -21.2319 -11.9276 7.54426 -1.71819 2.13477 -0.733798 -0.643407 -0.571695 -0.765832 
3.84442 -21.3751 -12.0032 7.49545 -1.73858 2.0827 -0.743045 -0.658614 -0.576743 -0.772597 
3.87254 -21.5156 -12.0774 7.44459 -1.75914 2.02947 -0.752442 -0.674083 -0.581872 -0.779471 
3.901 -21.6532 -12.1503 7.39162 -1.77988 1.97506 -0.76199 -0.689821 -0.587084 -0.786455 
3.9298 -21.7879 -12.2216 7.33646 -1.8008 1.91944 -0.771695 -0.705833 -0.592379 -0.793552 
3.95896 -21.9195 -12.2914 7.27905 -1.8219 1.86257 -0.781558 -0.722127 -0.597761 -0.800764 
3.98849 -22.0479 -12.3595 7.21932 -1.84319 1.80441 -0.791585 -0.738709 -0.60323 -0.808094 
4.01837 -22.1728 -12.4259 7.15719 -1.86466 1.74494 -0.801779 -0.755586 -0.60879 -0.815544 
4.04864 -22.2941 -12.4905 7.09258 -1.88633 1.6841 -0.812144 -0.772767 -0.614441 -0.823118 
4.07929 -22.4117 -12.5532 7.02543 -1.90818 1.62188 -0.822683 -0.790258 -0.620186 -0.830817 
4.11032 -22.5253 -12.614 6.95564 -1.93024 1.55822 -0.833401 -0.808067 -0.626028 -0.838645 
4.14176 -22.6348 -12.6726 6.88313 -1.95249 1.49309 -0.844303 -0.826202 -0.631967 -0.846605 
4.17361 -22.7399 -12.7291 6.80781 -1.97494 1.42645 -0.855391 -0.844672 -0.638007 -0.8547 
4.20586 -22.8405 -12.7833 6.72959 -1.99759 1.35824 -0.866672 -0.863485 -0.64415 -0.862932 
4.23855 -22.9363 -12.8352 6.64839 -2.02045 1.28844 -0.878149 -0.882649 -0.650397 -0.871304 
4.27167 -23.0271 -12.8845 6.56409 -2.04352 1.21698 -0.889828 -0.902174 -0.656753 -0.879821 
4.30522 -23.1127 -12.9313 6.4766 -2.0668 1.14383 -0.901713 -0.922069 -0.663218 -0.888486 
4.33923 -23.1928 -12.9753 6.38582 -2.0903 1.06893 -0.913809 -0.942344 -0.669796 -0.897301 
4.37371 -23.2672 -13.0165 6.29164 -2.11401 0.992237 -0.926122 -0.963008 -0.676489 -0.906271 
4.40865 -23.3355 -13.0547 6.19394 -2.13794 0.913693 -0.938657 -0.984072 -0.6833 -0.9154 
4.44408 -23.3976 -13.0897 6.0926 -2.1621 0.833246 -0.951419 -1.00555 -0.690233 -0.92469 
4.47999 -23.4531 -13.1215 5.98751 -2.18648 0.75084 -0.964415 -1.02744 -0.697289 -0.934146 
4.51642 -23.5017 -13.15 5.87855 -2.21109 0.666415 -0.977649 -1.04977 -0.704471 -0.943772 
4.55335 -23.5432 -13.1748 5.76557 -2.23593 0.579913 -0.991129 -1.07254 -0.711784 -0.953572 
4.59081 -23.577 -13.1959 5.64845 -2.26101 0.49127 -1.00486 -1.09577 -0.71923 -0.963551 
4.62881 -23.603 -13.2131 5.52704 -2.28632 0.400423 -1.01885 -1.11947 -0.726813 -0.973713 
4.66736 -23.6208 -13.2263 5.40121 -2.31187 0.307305 -1.0331 -1.14365 -0.734535 -0.984062 
4.70647 -23.6299 -13.2352 5.27079 -2.33767 0.211846 -1.04763 -1.16832 -0.7424 -0.994603 
4.74616 -23.6301 -13.2396 5.13563 -2.36371 0.113975 -1.06243 -1.1935 -0.750413 -1.00534 
4.78644 -23.6207 -13.2394 4.99557 -2.39 0.0136174 -1.07752 -1.21921 -0.758576 -1.01628 
4.82732 -23.6016 -13.2344 4.85044 -2.41654 -0.0893027 -1.09291 -1.24545 -0.766894 -1.02743 
4.86882 -23.5721 -13.2243 4.70007 -2.44334 -0.194865 -1.10859 -1.27224 -0.775371 -1.03879 
4.91095 -23.5318 -13.2088 4.54426 -2.47039 -0.303153 -1.12459 -1.2996 -0.78401 -1.05037 
4.95373 -23.4803 -13.1879 4.38283 -2.49771 -0.414252 -1.1409 -1.32755 -0.792817 -1.06217 
4.99717 -23.4169 -13.1611 4.21559 -2.52529 -0.52825 -1.15754 -1.3561 -0.801795 -1.0742 
5.0413 -23.3413 -13.1283 4.04232 -2.55313 -0.64524 -1.17452 -1.38526 -0.810949 -1.08647 
5.08611 -23.2527 -13.0891 3.86281 -2.58124 -0.765317 -1.19184 -1.41506 -0.820284 -1.09898 
5.13165 -23.1507 -13.0434 3.67685 -2.60963 -0.888581 -1.20951 -1.44552 -0.829805 -1.11174 
5.17791 -23.0345 -12.9907 3.48419 -2.63829 -1.01513 -1.22756 -1.47665 -0.839517 -1.12475 
5.22492 -22.9036 -12.9309 3.2846 -2.66723 -1.14508 -1.24597 -1.50848 -0.849425 -1.13803 
5.2727 -22.7573 -12.8634 3.07782 -2.69644 -1.27854 -1.26478 -1.54102 -0.859534 -1.15158 
5.32127 -22.5949 -12.7881 2.8636 -2.72594 -1.41562 -1.28398 -1.5743 -0.86985 -1.16541 
5.37066 -22.4156 -12.7046 2.64166 -2.75573 -1.55645 -1.30358 -1.60834 -0.88038 -1.17952 
5.42087 -22.2187 -12.6124 2.41171 -2.7858 -1.70114 -1.32361 -1.64316 -0.891128 -1.19392 
5.47193 -22.0033 -12.5112 2.17347 -2.81616 -1.84983 -1.34408 -1.67879 -0.902102 -1.20863 
5.52387 -21.7686 -12.4006 1.92662 -2.84682 -2.00265 -1.36498 -1.71524 -0.913308 -1.22365 
5.57671 -21.5138 -12.2802 1.67084 -2.87777 -2.15975 -1.38635 -1.75256 -0.924752 -1.23898 
5.63047 -21.2378 -12.1494 1.40579 -2.90902 -2.32126 -1.40819 -1.79076 -0.936442 -1.25465 
5.68518 -20.9397 -12.0079 1.13112 -2.94057 -2.48735 -1.43052 -1.82988 -0.948385 -1.27066 
5.74086 -20.6185 -11.8551 0.84647 -2.97242 -2.65817 -1.45335 -1.86994 -0.960588 -1.28701 
5.79755 -20.2731 -11.6905 0.551455 -3.00457 -2.83388 -1.4767 -1.91097 -0.97306 -1.30373 
5.85526 -19.9023 -11.5136 0.245674 -3.03703 -3.01467 -1.50059 -1.953 -0.985808 -1.32081 
5.91404 -19.5051 -11.3238 -0.0712884 -3.0698 -3.2007 -1.52502 -1.99607 -0.998841 -1.33828 
5.9739 -19.0801 -11.1205 -0.399869 -3.10287 -3.39216 -1.55003 -2.04022 -1.01217 -1.35614 
6.03489 -18.626 -10.9031 -0.740525 -3.13626 -3.58925 -1.57562 -2.08547 -1.0258 -1.37441 
6.09703 -18.1414 -10.6709 -1.09373 -3.16995 -3.79218 -1.60181 -2.13186 -1.03974 -1.39309 
6.16036 -17.625 -10.4232 -1.45999 -3.20396 -4.00115 -1.62864 -2.17944 -1.05401 -1.41221 
6.22491 -17.0752 -10.1593 -1.83982 -3.23827 -4.21639 -1.6561 -2.22824 -1.0686 -1.43177 
6.29072 -16.4904 -9.87842 -2.23376 -3.27291 -4.43814 -1.68424 -2.27831 -1.08355 -1.4518 
6.35783 -15.8689 -9.57976 -2.6424 -3.30785 -4.66662 -1.71307 -2.32968 -1.09884 -1.4723 
6.42628 -15.2089 -9.26247 -3.06634 -3.34311 -4.9021 -1.74261 -2.38242 -1.1145 -1.49329 
6.4961 -14.5087 -8.92567 -3.50619 -3.37868 -5.14484 -1.77288 -2.43655 -1.13055 -1.51479 
6.56735 -13.7663 -8.56841 -3.96262 -3.41456 -5.39513 -1.80392 -2.49214 -1.14698 -1.53681 
6.64007 -12.9795 -8.18971 -4.43632 -3.45075 -5.65324 -1.83575 -2.54923 -1.16382 -1.55938 
6.71431 -12.1463 -7.78853 -4.92801 -3.48725 -5.91948 -1.8684 -2.60789 -1.18107 -1.5825 
6.79011 -11.2643 -7.36377 -5.43847 -3.52405 -6.19418 -1.90189 -2.66816 -1.19876 -1.60621 
6.86752 -10.3312 -6.91429 -5.96848 -3.56116 -6.47766 -1.93626 -2.73011 -1.2169 -1.63052 
6.94661 -9.34437 -6.43886 -6.51889 -3.59858 -6.77028 -1.97154 -2.7938 -1.2355 -1.65545 
7.02741 -8.30116 -5.93621 -7.09058 -3.63629 -7.0724 -2.00775 -2.8593 -1.25459 -1.68103 
7.11001 -7.19875 -5.40497 -7.68448 -3.67429 -7.38441 -2.04495 -2.92667 -1.27417 -1.70727 
7.19444 -6.03415 -4.84372 -8.30157 -3.71258 -7.70672 -2.08315 -2.99599 -1.29427 -1.73421 
7.28079 -4.80419 -4.25096 -8.94288 -3.75115 -8.03974 -2.12241 -3.06733 -1.3149 -1.76186 
7.36911 -3.50556 -3.62507 -9.60948 -3.79 -8.38392 -2.16275 -3.14077 -1.33609 -1.79026 
7.45947 -2.13472 -2.96439 -10.3025 -3.82912 -8.73974 -2.20423 -3.21639 -1.35785 -1.81943 
7.55195 -0.687942 -2.26713 -11.0232 -3.86851 -9.10769 -2.24689 -3.29429 -1.38022 -1.8494 
7.64663 0.838718 -1.5314 -11.7728 -3.90814 -9.48828 -2.29076 -3.37455 -1.4032 -1.8802 
7.74358 2.44944 -0.755215 -12.5526 -3.94801 -9.88207 -2.33591 -3.45727 -1.42683 -1.91187 
7.84289 4.14865 0.06355 -13.3641 -3.98812 -10.2896 -2.38237 -3.54256 -1.45113 -1.94444 
7.94465 5.94105 0.92713 -14.2088 -4.02845 -10.7116 -2.43021 -3.63051 -1.47613 -1.97795 
8.04896 7.8316 1.8379 -15.0882 -4.06897 -11.1485 -2.47949 -3.72125 -1.50186 -2.01242 
8.1559 9.82559 2.79837 -16.0039 -4.10969 -11.6012 -2.53025 -3.81489 -1.52834 -2.04791 
8.26559 11.9286 3.81123 -16.9579 -4.15058 -12.0703 -2.58257 -3.91156 -1.5556 -2.08446 
8.37813 14.1467 4.8793 -17.9519 -4.19162 -12.5565 -2.63651 -4.01138 -1.58369 -2.1221 
8.49364 16.486 6.00561 -18.9878 -4.2328 -13.0607 -2.69214 -4.11451 -1.61263 -2.16089 
8.61223 18.9534 7.19335 -20.0679 -4.27408 -13.5838 -2.74953 -4.22108 -1.64247 -2.20088 
8.73404 21.5561 8.44594 -21.1943 -4.31545 -14.1265 -2.80876 -4.33125 -1.67323 -2.24211 
8.8592 24.3015 9.76701 -22.3694 -4.35688 -14.6899 -2.86991 -4.44519 -1.70497 -2.28464 
8.98785 27.198 11.1604 -23.5957 -4.39834 -15.275 -2.93308 -4.56307 -1.73772 -2.32853 
9.12015 30.2541 12.6303 -24.8759 -4.43979 -15.8828 -2.99835 -4.68509 -1.77153 -2.37385 
9.25624 33.4791 14.1811 -26.2128 -4.4812 -16.5144 -3.06582 -4.81142 -1.80645 -2.42065 
9.39631 36.8828 15.8174 -27.6094 -4.52252 -17.1712 -3.13559 -4.9423 -1.84253 -2.469 
9.54052 40.4758 17.5443 -29.069 -4.56373 -17.8543 -3.20778 -5.07792 -1.87982 -2.51899 
9.68907 44.2694 19.3671 -30.5949 -4.60477 -18.5651 -3.28249 -5.21854 -1.91839 -2.57068 
9.84216 48.2757 21.2916 -32.1909 -4.64558 -19.3051 -3.35987 -5.3644 -1.95829 -2.62416 
10 52.5076 23.3238 -33.8609 -4.68612 -20.0758 -3.44003 -5.51577 -1.9996 -2.67952 
