-10 -1.48172 -2.49176 -0.502503 -0.673397 -0.12297 -0.197463 0.437913 
-9.84216 -1.4302 -2.38383 -0.48896 -0.65276 -0.121215 -0.193377 0.428866 
-9.68907 -1.38061 -2.2804 -0.475903 -0.632896 -0.119513 -0.18943 0.420125 
-9.54052 -1.33285 -2.18123 -0.463309 -0.613768 -0.117859 -0.185614 0.411678 
-9.39631 -1.28683 -2.08611 -0.451156 -0.59534 -0.116253 -0.181925 0.403509 
-9.25624 -1.24247 -1.99483 -0.439424 -0.577577 -0.114693 -0.178356 0.395606 
-9.12015 -1.1997 -1.9072 -0.428092 -0.560449 -0.113175 -0.174902 0.387957 
-8.98785 -1.15843 -1.82305 -0.417142 -0.543927 -0.111699 -0.171557 0.380552 
-8.8592 -1.1186 -1.7422 -0.406558 -0.527981 -0.110264 -0.168318 0.373378 
-8.73404 -1.08014 -1.66449 -0.396322 -0.512586 -0.108866 -0.165179 0.366427 
-8.61223 -1.04299 -1.58978 -0.386421 -0.497717 -0.107506 -0.162136 0.359689 
-8.49364 -1.00711 -1.51793 -0.376838 -0.483351 -0.10618 -0.159185 0.353154 
-8.37813 -0.972416 -1.4488 -0.36756 -0.469465 -0.104889 -0.156322 0.346815 
-8.26559 -0.938875 -1.38227 -0.358575 -0.456039 -0.103631 -0.153544 0.340663 
-8.1559 -0.906433 -1.31822 -0.34987 -0.443053 -0.102404 -0.150847 0.33469 
-8.04896 -0.875043 -1.25653 -0.341433 -0.430487 -0.101208 -0.148228 0.32889 
-7.94465 -0.844662 -1.19711 -0.333253 -0.418325 -0.100041 -0.145683 0.323255 
-7.84289 -0.815248 -1.13985 -0.325321 -0.40655 -0.0989019 -0.143211 0.31778 
-7.74358 -0.786762 -1.08466 -0.317625 -0.395145 -0.0977904 -0.140807 0.312457 
-7.64663 -0.759165 -1.03144 -0.310157 -0.384095 -0.0967052 -0.13847 0.307281 
-7.55195 -0.732422 -0.980121 -0.302908 -0.373387 -0.0956455 -0.136197 0.302247 
-7.45947 -0.7065 -0.930611 -0.295868 -0.363006 -0.0946103 -0.133985 0.297348 
-7.36911 -0.681365 -0.882838 -0.289031 -0.352939 -0.0935989 -0.131833 0.292581 
-7.28079 -0.656988 -0.836727 -0.282388 -0.343175 -0.0926104 -0.129737 0.28794 
-7.19444 -0.633338 -0.792211 -0.275932 -0.333701 -0.0916441 -0.127697 0.283421 
-7.11001 -0.610389 -0.749223 -0.269655 -0.324506 -0.0906993 -0.125709 0.279019 
-7.02741 -0.588113 -0.707702 -0.263552 -0.31558 -0.0897753 -0.123773 0.27473 
-6.94661 -0.566486 -0.667589 -0.257616 -0.306912 -0.0888714 -0.121885 0.27055 
-6.86752 -0.545483 -0.628826 -0.251841 -0.298493 -0.0879871 -0.120046 0.266476 
-6.79011 -0.525082 -0.591359 -0.246221 -0.290314 -0.0871216 -0.118252 0.262503 
-6.71431 -0.505259 -0.555139 -0.24075 -0.282366 -0.0862744 -0.116503 0.258628 
-6.64007 -0.485995 -0.520116 -0.235424 -0.27464 -0.0854451 -0.114796 0.254849 
-6.56735 -0.46727 -0.486244 -0.230237 -0.267128 -0.0846329 -0.113131 0.251161 
-6.4961 -0.449063 -0.453477 -0.225184 -0.259823 -0.0838375 -0.111506 0.247561 
-6.42628 -0.431357 -0.421775 -0.220261 -0.252717 -0.0830583 -0.10992 0.244048 
-6.35783 -0.414134 -0.391096 -0.215463 -0.245804 -0.0822949 -0.108371 0.240617 
-6.29072 -0.397378 -0.361403 -0.210786 -0.239076 -0.0815468 -0.106859 0.237267 
-6.22491 -0.381072 -0.332657 -0.206226 -0.232527 -0.0808135 -0.105381 0.233994 
-6.16036 -0.365201 -0.304825 -0.201779 -0.226152 -0.0800947 -0.103938 0.230797 
-6.09703 -0.349751 -0.277871 -0.197442 -0.219943 -0.07939 -0.102528 0.227673 
-6.03489 -0.334706 -0.251765 -0.193211 -0.213896 -0.0786989 -0.101149 0.224619 
-5.9739 -0.320054 -0.226475 -0.189082 -0.208005 -0.0780212 -0.0998013 0.221633 
-5.91404 -0.305781 -0.201971 -0.185052 -0.202265 -0.0773563 -0.0984836 0.218714 
-5.85526 -0.291875 -0.178227 -0.181118 -0.196671 -0.0767041 -0.097195 0.21586 
-5.79755 -0.278324 -0.155213 -0.177276 -0.191218 -0.0760641 -0.0959345 0.213068 
-5.74086 -0.265117 -0.132906 -0.173525 -0.185902 -0.075436 -0.0947014 0.210336 
-5.68518 -0.252242 -0.111279 -0.169861 -0.180718 -0.0748196 -0.0934949 0.207663 
-5.63047 -0.239689 -0.0903087 -0.166282 -0.175661 -0.0742145 -0.0923141 0.205047 
-5.57671 -0.227447 -0.0699727 -0.162784 -0.170729 -0.0736204 -0.0911583 0.202487 
-5.52387 -0.215507 -0.050249 -0.159366 -0.165916 -0.0730371 -0.0900269 0.19998 
-5.47193 -0.20386 -0.0311165 -0.156024 -0.16122 -0.0724642 -0.088919 0.197526 
-5.42087 -0.192495 -0.012555 -0.152757 -0.156636 -0.0719016 -0.0878341 0.195123 
-5.37066 -0.181405 0.00545487 -0.149563 -0.152161 -0.071349 -0.0867714 0.192768 
-5.32127 -0.170581 0.0229316 -0.146439 -0.147792 -0.070806 -0.0857304 0.190462 
-5.2727 -0.160014 0.0398932 -0.143384 -0.143525 -0.0702726 -0.0847105 0.188203 
-5.22492 -0.149698 0.0563568 -0.140394 -0.139358 -0.0697484 -0.0837111 0.185988 
-5.17791 -0.139624 0.0723388 -0.137469 -0.135287 -0.0692333 -0.0827317 0.183818 
-5.13165 -0.129785 0.0878552 -0.134606 -0.131309 -0.068727 -0.0817716 0.181691 
-5.08611 -0.120175 0.102921 -0.131804 -0.127423 -0.0682294 -0.0808303 0.179606 
-5.0413 -0.110786 0.117552 -0.129061 -0.123624 -0.0677402 -0.0799075 0.177561 
-4.99717 -0.101611 0.13176 -0.126375 -0.119911 -0.0672592 -0.0790025 0.175556 
-4.95373 -0.092646 0.145561 -0.123745 -0.11628 -0.0667862 -0.078115 0.17359 
-4.91095 -0.0838831 0.158967 -0.121169 -0.112731 -0.0663211 -0.0772444 0.171661 
-4.86882 -0.075317 0.17199 -0.118646 -0.109259 -0.0658637 -0.0763904 0.169769 
-4.82732 -0.066942 0.184644 -0.116173 -0.105864 -0.0654138 -0.0755524 0.167912 
-4.78644 -0.0587526 0.196939 -0.113751 -0.102542 -0.0649713 -0.0747302 0.166091 
-4.74616 -0.0507435 0.208887 -0.111377 -0.0992921 -0.0645359 -0.0739232 0.164303 
-4.70647 -0.0429096 0.220498 -0.10905 -0.096112 -0.0641076 -0.0731311 0.162548 
-4.66736 -0.0352461 0.231784 -0.106769 -0.0929996 -0.0636862 -0.0723536 0.160825 
-4.62881 -0.0277481 0.242754 -0.104533 -0.0899531 -0.0632715 -0.0715903 0.159134 
-4.59081 -0.0204111 0.253417 -0.10234 -0.0869707 -0.0628634 -0.0708408 0.157473 
-4.55335 -0.0132305 0.263785 -0.100189 -0.0840505 -0.0624617 -0.0701048 0.155842 
-4.51642 -0.00620214 0.273864 -0.09808 -0.081191 -0.0620664 -0.0693819 0.15424 
-4.47999 0.000678233 0.283665 -0.0960108 -0.0783905 -0.0616773 -0.0686719 0.152667 
-4.44408 0.00741463 0.293196 -0.0939806 -0.0756473 -0.0612942 -0.0679744 0.151122 
-4.40865 0.014011 0.302464 -0.0919885 -0.0729599 -0.0609171 -0.0672892 0.149604 
-4.37371 0.020471 0.311478 -0.0900335 -0.0703268 -0.0605458 -0.0666159 0.148112 
-4.33923 0.0267984 0.320245 -0.0881147 -0.0677466 -0.0601802 -0.0659543 0.146646 
-4.30522 0.0329968 0.328773 -0.0862312 -0.0652179 -0.0598201 -0.0653041 0.145205 
-4.27167 0.0390695 0.337068 -0.084382 -0.0627393 -0.0594656 -0.0646651 0.143789 
-4.23855 0.0450199 0.345139 -0.0825662 -0.0603096 -0.0591165 -0.0640369 0.142397 
-4.20586 0.0508512 0.35299 -0.0807832 -0.0579273 -0.0587726 -0.0634194 0.141029 
-4.17361 0.0565666 0.360629 -0.079032 -0.0555913 -0.0584338 -0.0628122 0.139683 
-4.14176 0.062169 0.368061 -0.0773118 -0.0533005 -0.0581002 -0.0622152 0.13836 
-4.11032 0.0676615 0.375294 -0.075622 -0.0510536 -0.0577715 -0.0616282 0.13706 
-4.07929 0.0730468 0.382332 -0.0739617 -0.0488495 -0.0574477 -0.0610508 0.13578 
-4.04864 0.0783278 0.389181 -0.0723303 -0.0466871 -0.0571287 -0.0604829 0.134522 
-4.01837 0.0835071 0.395847 -0.070727 -0.0445654 -0.0568143 -0.0599244 0.133284 
-3.98849 0.0885873 0.402335 -0.0691511 -0.0424833 -0.0565046 -0.0593749 0.132067 
-3.95896 0.093571 0.40865 -0.0676021 -0.0404398 -0.0561994 -0.0588342 0.130869 
-3.9298 0.0984606 0.414796 -0.0660793 -0.0384341 -0.0558987 -0.0583023 0.12969 
-3.901 0.103258 0.420779 -0.064582 -0.0364651 -0.0556023 -0.0577789 0.12853 
-3.87254 0.107967 0.426604 -0.0631096 -0.0345319 -0.0553102 -0.0572638 0.127389 
-3.84442 0.112588 0.432274 -0.0616616 -0.0326336 -0.0550224 -0.0567569 0.126265 
-3.81663 0.117125 0.437794 -0.0602374 -0.0307694 -0.0547386 -0.0562579 0.12516 
-3.78917 0.121578 0.443169 -0.0588364 -0.0289385 -0.0544589 -0.0557667 0.124071 
-3.76204 0.125951 0.448402 -0.0574581 -0.02714 -0.0541833 -0.0552832 0.123 
-3.73522 0.130245 0.453497 -0.056102 -0.0253732 -0.0539115 -0.0548072 0.121945 
-3.7087 0.134462 0.458458 -0.0547675 -0.0236372 -0.0536436 -0.0543385 0.120906 
-3.68249 0.138604 0.463289 -0.0534542 -0.0219313 -0.0533795 -0.053877 0.119884 
-3.65658 0.142673 0.467993 -0.0521616 -0.0202549 -0.0531191 -0.0534225 0.118877 
-3.63097 0.146671 0.472574 -0.0508891 -0.0186072 -0.0528624 -0.052975 0.117885 
-3.60564 0.150599 0.477035 -0.0496365 -0.0169875 -0.0526093 -0.0525341 0.116908 
-3.58059 0.15446 0.48138 -0.0484031 -0.0153951 -0.0523597 -0.0520999 0.115946 
-3.55581 0.158254 0.485611 -0.0471886 -0.0138295 -0.0521136 -0.0516722 0.114998 
-3.53132 0.161983 0.489732 -0.0459925 -0.0122899 -0.051871 -0.0512509 0.114064 
-3.50708 0.165649 0.493745 -0.0448145 -0.0107758 -0.0516317 -0.0508357 0.113145 
-3.48311 0.169254 0.497655 -0.0436541 -0.00928657 -0.0513958 -0.0504267 0.112238 
-3.4594 0.172799 0.501462 -0.0425109 -0.00782162 -0.0511631 -0.0500237 0.111345 
-3.43594 0.176285 0.505171 -0.0413847 -0.00638038 -0.0509336 -0.0496266 0.110465 
-3.41273 0.179714 0.508784 -0.0402749 -0.00496231 -0.0507073 -0.0492352 0.109598 
-3.38977 0.183087 0.512303 -0.0391812 -0.00356688 -0.0504841 -0.0488495 0.108743 
-3.36704 0.186405 0.515731 -0.0381033 -0.00219355 -0.050264 -0.0484694 0.107901 
-3.34456 0.18967 0.51907 -0.0370408 -0.00084182 -0.0500469 -0.0480946 0.107071 
-3.3223 0.192884 0.522322 -0.0359935 0.000488805 -0.0498327 -0.0477252 0.106252 
-3.30027 0.196046 0.525491 -0.0349609 0.00179881 -0.0496215 -0.0473611 0.105445 
-3.27847 0.199159 0.528578 -0.0339427 0.00308866 -0.0494132 -0.0470021 0.10465 
-3.25689 0.202223 0.531585 -0.0329387 0.00435883 -0.0492077 -0.0466481 0.103865 
-3.23553 0.20524 0.534515 -0.0319486 0.00560975 -0.0490051 -0.0462991 0.103092 
-3.21437 0.208211 0.537369 -0.0309719 0.00684186 -0.0488052 -0.045955 0.102329 
-3.19343 0.211137 0.540149 -0.0300086 0.0080556 -0.048608 -0.0456156 0.101577 
-3.1727 0.214019 0.542858 -0.0290581 0.00925136 -0.0484135 -0.0452809 0.100836 
-3.15217 0.216858 0.545497 -0.0281204 0.0104296 -0.0482216 -0.0449509 0.100104 
-3.13184 0.219655 0.548069 -0.0271951 0.0115906 -0.0480323 -0.0446253 0.0993831 
-3.11171 0.222411 0.550574 -0.026282 0.0127349 -0.0478456 -0.0443042 0.0986715 
-3.09177 0.225127 0.553014 -0.0253808 0.0138627 -0.0476615 -0.0439874 0.0979697 
-3.07202 0.227804 0.555392 -0.0244912 0.0149745 -0.0474798 -0.0436749 0.0972773 
-3.05245 0.230442 0.557709 -0.023613 0.0160706 -0.0473006 -0.0433666 0.0965942 
-3.03308 0.233044 0.559966 -0.022746 0.0171514 -0.0471238 -0.0430625 0.0959204 
-3.01388 0.235608 0.562165 -0.0218899 0.0182172 -0.0469494 -0.0427624 0.0952555 
-2.99486 0.238138 0.564308 -0.0210445 0.0192683 -0.0467774 -0.0424663 0.0945995 
-2.97602 0.240632 0.566396 -0.0202097 0.0203051 -0.0466077 -0.0421742 0.0939521 
-2.95735 0.243092 0.56843 -0.019385 0.0213279 -0.0464403 -0.0418859 0.0933133 
-2.93886 0.245519 0.570412 -0.0185705 0.022337 -0.0462751 -0.0416013 0.092683 
-2.92053 0.247914 0.572343 -0.0177657 0.0233326 -0.0461122 -0.0413205 0.0920608 
-2.90237 0.250277 0.574224 -0.0169706 0.0243152 -0.0459515 -0.0410434 0.0914468 
-2.88437 0.25261 0.576057 -0.0161849 0.0252849 -0.045793 -0.0407699 0.0908408 
-2.86653 0.254911 0.577843 -0.0154085 0.0262421 -0.0456367 -0.0404998 0.0902426 
-2.84884 0.257184 0.579583 -0.0146411 0.0271871 -0.0454825 -0.0402333 0.0896522 
-2.83132 0.259427 0.581279 -0.0138826 0.02812 -0.0453303 -0.0399702 0.0890693 
-2.81395 0.261643 0.582931 -0.0131328 0.0290412 -0.0451803 -0.0397105 0.0884939 
-2.79672 0.263831 0.58454 -0.0123915 0.029951 -0.0450323 -0.0394541 0.0879258 
-2.77965 0.265992 0.586108 -0.0116585 0.0308495 -0.0448863 -0.0392009 0.087365 
-2.76273 0.268127 0.587636 -0.0109336 0.031737 -0.0447423 -0.0389509 0.0868112 
-2.74595 0.270236 0.589125 -0.0102167 0.0326139 -0.0446003 -0.0387041 0.0862645 
-2.72931 0.27232 0.590575 -0.00950766 0.0334802 -0.0444602 -0.0384604 0.0857246 
-2.71281 0.27438 0.591989 -0.00880626 0.0343362 -0.0443221 -0.0382198 0.0851915 
-2.69645 0.276416 0.593365 -0.00811237 0.0351823 -0.0441858 -0.0379821 0.084665 
-2.68023 0.278428 0.594707 -0.00742581 0.0360185 -0.0440515 -0.0377474 0.0841451 
-2.66414 0.280418 0.596014 -0.00674645 0.0368451 -0.043919 -0.0375156 0.0836317 
-2.64818 0.282385 0.597288 -0.00607413 0.0376623 -0.0437883 -0.0372867 0.0831246 
-2.63236 0.284331 0.598528 -0.00540872 0.0384704 -0.0436595 -0.0370605 0.0826238 
-2.61666 0.286256 0.599737 -0.00475006 0.0392694 -0.0435325 -0.0368372 0.0821291 
-2.60109 0.28816 0.600915 -0.00409801 0.0400597 -0.0434072 -0.0366166 0.0816404 
-2.58565 0.290043 0.602063 -0.00345244 0.0408414 -0.0432837 -0.0363986 0.0811577 
-2.57033 0.291907 0.603181 -0.00281322 0.0416147 -0.0431619 -0.0361834 0.0806809 
-2.55513 0.293752 0.60427 -0.00218021 0.0423798 -0.0430419 -0.0359707 0.0802099 
-2.54005 0.295578 0.605331 -0.00155328 0.0431369 -0.0429235 -0.0357606 0.0797446 
-2.52509 0.297386 0.606365 -0.000932303 0.0438861 -0.0428068 -0.035553 0.0792848 
-2.51024 0.299176 0.607373 -0.00031716 0.0446277 -0.0426918 -0.0353479 0.0788306 
-2.49552 0.300948 0.608354 0.000292276 0.0453617 -0.0425785 -0.0351452 0.0783819 
-2.4809 0.302704 0.609311 0.000896123 0.0460885 -0.0424668 -0.034945 0.0779385 
-2.4664 0.304442 0.610242 0.0014945 0.0468081 -0.0423567 -0.0347472 0.0775003 
-2.45201 0.306165 0.61115 0.00208752 0.0475206 -0.0422481 -0.0345517 0.0770674 
-2.43773 0.307872 0.612035 0.0026753 0.0482264 -0.0421412 -0.0343585 0.0766396 
-2.42355 0.309563 0.612896 0.00325795 0.0489254 -0.0420358 -0.0341675 0.0762169 
-2.40948 0.31124 0.613736 0.00383559 0.0496179 -0.041932 -0.0339788 0.0757991 
-2.39552 0.312902 0.614554 0.00440831 0.0503041 -0.0418297 -0.0337924 0.0753862 
-2.38166 0.314549 0.615351 0.00497622 0.050984 -0.041729 -0.0336081 0.0749782 
-2.3679 0.316183 0.616128 0.00553943 0.0516578 -0.0416297 -0.0334259 0.0745749 
-2.35425 0.317803 0.616885 0.00609804 0.0523257 -0.0415319 -0.0332459 0.0741763 
-2.34069 0.31941 0.617622 0.00665214 0.0529877 -0.0414356 -0.0330679 0.0737823 
-2.32723 0.321004 0.618341 0.00720185 0.0536441 -0.0413408 -0.032892 0.0733929 
-2.31387 0.322586 0.619041 0.00774725 0.054295 -0.0412474 -0.0327182 0.073008 
-2.3006 0.324155 0.619723 0.00828844 0.0549404 -0.0411555 -0.0325463 0.0726276 
-2.28743 0.325713 0.620388 0.00882552 0.0555806 -0.041065 -0.0323764 0.0722515 
-2.27435 0.327259 0.621036 0.00935857 0.0562156 -0.0409759 -0.0322084 0.0718797 
-2.26136 0.328794 0.621667 0.00988769 0.0568456 -0.0408882 -0.0320423 0.0715121 
-2.24847 0.330318 0.622282 0.010413 0.0574707 -0.0408019 -0.0318782 0.0711488 
-2.23566 0.331831 0.622882 0.0109345 0.0580911 -0.0407169 -0.0317159 0.0707896 
-2.22294 0.333334 0.623466 0.0114523 0.0587067 -0.0406334 -0.0315554 0.0704344 
-2.21031 0.334827 0.624035 0.0119666 0.0593179 -0.0405511 -0.0313967 0.0700833 
-2.19777 0.336311 0.62459 0.0124774 0.0599246 -0.0404703 -0.0312399 0.0697362 
-2.18531 0.337784 0.625131 0.0129847 0.0605269 -0.0403907 -0.0310848 0.069393 
-2.17294 0.339249 0.625659 0.0134887 0.0611251 -0.0403125 -0.0309314 0.0690536 
-2.16064 0.340705 0.626173 0.0139895 0.0617192 -0.0402356 -0.0307797 0.068718 
-2.14844 0.342152 0.626674 0.014487 0.0623093 -0.04016 -0.0306298 0.0683862 
-2.13631 0.343591 0.627163 0.0149815 0.0628955 -0.0400856 -0.0304815 0.0680581 
-2.12426 0.345022 0.627639 0.015473 0.0634779 -0.0400126 -0.0303348 0.0677337 
-2.11229 0.346445 0.628103 0.0159615 0.0640567 -0.0399408 -0.0301898 0.0674129 
-2.1004 0.34786 0.628556 0.0164471 0.0646319 -0.0398703 -0.0300464 0.0670956 
-2.08859 0.349268 0.628998 0.0169299 0.0652036 -0.039801 -0.0299045 0.0667819 
-2.07685 0.350669 0.629428 0.01741 0.0657719 -0.039733 -0.0297643 0.0664716 
-2.06519 0.352063 0.629849 0.0178874 0.0663369 -0.0396663 -0.0296255 0.0661648 
-2.05361 0.35345 0.630258 0.0183623 0.0668988 -0.0396007 -0.0294883 0.0658613 
-2.0421 0.354831 0.630658 0.0188346 0.0674575 -0.0395364 -0.0293526 0.0655612 
-2.03066 0.356206 0.631048 0.0193045 0.0680133 -0.0394733 -0.0292184 0.0652644 
-2.01929 0.357575 0.631428 0.019772 0.0685661 -0.0394113 -0.0290856 0.0649708 
-2.00799 0.358938 0.6318 0.0202372 0.0691161 -0.0393506 -0.0289543 0.0646804 
-1.99677 0.360296 0.632162 0.0207002 0.0696634 -0.0392911 -0.0288244 0.0643933 
-1.98561 0.361648 0.632516 0.0211609 0.0702081 -0.0392327 -0.0286959 0.0641092 
-1.97452 0.362995 0.632861 0.0216196 0.0707502 -0.0391755 -0.0285689 0.0638283 
-1.9635 0.364338 0.633198 0.0220762 0.0712898 -0.0391195 -0.0284431 0.0635504 
-1.95255 0.365675 0.633527 0.0225308 0.071827 -0.0390647 -0.0283188 0.0632755 
-1.94166 0.367008 0.633848 0.0229834 0.0723619 -0.039011 -0.0281958 0.0630036 
-1.93084 0.368337 0.634162 0.0234342 0.0728946 -0.0389584 -0.0280741 0.0627347 
-1.92008 0.369662 0.634469 0.0238832 0.0734251 -0.038907 -0.0279537 0.0624687 
-1.90939 0.370983 0.634768 0.0243305 0.0739536 -0.0388567 -0.0278346 0.0622055 
-1.89876 0.3723 0.635061 0.024776 0.07448 -0.0388076 -0.0277168 0.0619452 
-1.88819 0.373614 0.635347 0.0252199 0.0750046 -0.0387596 -0.0276003 0.0616877 
-1.87768 0.374924 0.635627 0.0256623 0.0755273 -0.0387127 -0.027485 0.0614329 
-1.86724 0.376232 0.6359 0.0261032 0.0760483 -0.0386669 -0.0273709 0.0611809 
-1.85685 0.377536 0.636167 0.0265425 0.0765675 -0.0386222 -0.027258 0.0609317 
-1.84653 0.378837 0.636429 0.0269805 0.0770852 -0.0385786 -0.0271464 0.060685 
-1.83626 0.380136 0.636685 0.0274172 0.0776013 -0.0385361 -0.0270359 0.0604411 
-1.82606 0.381433 0.636935 0.0278525 0.078116 -0.0384947 -0.0269266 0.0601997 
-1.81591 0.382727 0.63718 0.0282867 0.0786293 -0.0384544 -0.0268185 0.0599609 
-1.80581 0.384019 0.63742 0.0287196 0.0791412 -0.0384152 -0.0267115 0.0597247 
-1.79578 0.385309 0.637655 0.0291515 0.0796519 -0.038377 -0.0266056 0.059491 
-1.7858 0.386598 0.637885 0.0295822 0.0801614 -0.0383399 -0.0265009 0.0592598 
-1.77587 0.387884 0.638111 0.030012 0.0806698 -0.0383039 -0.0263973 0.0590311 
-1.766 0.38917 0.638331 0.0304408 0.0811772 -0.038269 -0.0262947 0.0588048 
-1.75619 0.390454 0.638548 0.0308686 0.0816835 -0.0382351 -0.0261933 0.0585809 
-1.74642 0.391737 0.63876 0.0312956 0.082189 -0.0382023 -0.0260929 0.0583594 
-1.73671 0.393019 0.638968 0.0317218 0.0826936 -0.0381706 -0.0259936 0.0581403 
-1.72706 0.3943 0.639173 0.0321473 0.0831975 -0.0381399 -0.0258953 0.0579235 
-1.71745 0.395581 0.639373 0.0325721 0.0837006 -0.0381102 -0.0257981 0.057709 
-1.70789 0.396861 0.63957 0.0329961 0.0842031 -0.0380816 -0.0257019 0.0574967 
-1.69839 0.39814 0.639763 0.0334196 0.0847049 -0.038054 -0.0256067 0.0572868 
-1.68894 0.39942 0.639953 0.0338426 0.0852063 -0.0380275 -0.0255125 0.057079 
-1.67953 0.400699 0.640139 0.034265 0.0857072 -0.038002 -0.0254192 0.0568735 
-1.67017 0.401979 0.640323 0.034687 0.0862078 -0.0379776 -0.025327 0.0566702 
-1.66087 0.403259 0.640503 0.0351086 0.0867079 -0.0379541 -0.0252357 0.056469 
-1.65161 0.404539 0.64068 0.0355298 0.0872079 -0.0379318 -0.0251454 0.0562699 
-1.64239 0.405819 0.640854 0.0359508 0.0877076 -0.0379104 -0.0250561 0.056073 
-1.63323 0.407101 0.641025 0.0363714 0.0882071 -0.0378901 -0.0249676 0.0558782 
-1.62411 0.408383 0.641194 0.0367919 0.0887066 -0.0378708 -0.0248801 0.0556854 
-1.61504 0.409666 0.64136 0.0372122 0.0892061 -0.0378525 -0.0247936 0.0554947 
-1.60601 0.41095 0.641524 0.0376324 0.0897056 -0.0378352 -0.0247079 0.055306 
-1.59703 0.412235 0.641685 0.0380525 0.0902051 -0.037819 -0.0246231 0.0551193 
-1.58809 0.413521 0.641844 0.0384727 0.0907049 -0.0378038 -0.0245392 0.0549346 
-1.57919 0.41481 0.642001 0.0388928 0.0912049 -0.0377896 -0.0244562 0.0547519 
-1.57034 0.416099 0.642156 0.039313 0.0917051 -0.0377764 -0.0243741 0.0545711 
-1.56153 0.417391 0.642308 0.0397334 0.0922057 -0.0377643 -0.0242929 0.0543922 
-1.55277 0.418684 0.642459 0.040154 0.0927066 -0.0377531 -0.0242124 0.0542153 
-1.54404 0.419979 0.642607 0.0405747 0.093208 -0.037743 -0.0241329 0.0540402 
-1.53536 0.421276 0.642754 0.0409958 0.09371 -0.0377339 -0.0240541 0.053867 
-1.52672 0.422576 0.642899 0.0414171 0.0942124 -0.0377258 -0.0239762 0.0536957 
-1.51812 0.423878 0.643042 0.0418389 0.0947156 -0.0377188 -0.0238991 0.0535262 
-1.50957 0.425182 0.643183 0.042261 0.0952194 -0.0377127 -0.0238229 0.0533585 
-1.50105 0.426489 0.643323 0.0426836 0.0957239 -0.0377077 -0.0237474 0.0531926 
-1.49257 0.427799 0.643461 0.0431067 0.0962293 -0.0377037 -0.0236727 0.0530285 
-1.48413 0.429111 0.643598 0.0435304 0.0967355 -0.0377007 -0.0235988 0.0528661 
-1.47573 0.430427 0.643734 0.0439547 0.0972426 -0.0376987 -0.0235257 0.0527055 
-1.46736 0.431746 0.643867 0.0443796 0.0977507 -0.0376977 -0.0234534 0.0525466 
-1.45904 0.433067 0.644 0.0448053 0.0982598 -0.0376978 -0.0233818 0.0523895 
-1.45075 0.434393 0.644131 0.0452317 0.0987701 -0.0376988 -0.023311 0.052234 
-1.4425 0.435721 0.644261 0.0456589 0.0992814 -0.0377009 -0.023241 0.0520802 
-1.43429 0.437054 0.64439 0.0460869 0.099794 -0.037704 -0.0231716 0.0519281 
-1.42611 0.43839 0.644517 0.0465158 0.100308 -0.0377082 -0.0231031 0.0517776 
-1.41797 0.439729 0.644644 0.0469457 0.100823 -0.0377134 -0.0230352 0.0516288 
-1.40987 0.441073 0.644769 0.0473765 0.10134 -0.0377196 -0.0229681 0.0514816 
-1.4018 0.442421 0.644893 0.0478084 0.101858 -0.0377268 -0.0229017 0.051336 
-1.39376 0.443772 0.645016 0.0482414 0.102377 -0.037735 -0.022836 0.051192 
-1.38576 0.445129 0.645138 0.0486756 0.102898 -0.0377443 -0.022771 0.0510496 
-1.3778 0.446489 0.645258 0.0491109 0.103421 -0.0377547 -0.0227067 0.0509087 
-1.36987 0.447854 0.645378 0.0495474 0.103945 -0.037766 -0.0226431 0.0507694 
-1.36197 0.449224 0.645497 0.0499852 0.104471 -0.0377785 -0.0225802 0.0506317 
-1.35411 0.450598 0.645614 0.0504244 0.104999 -0.0377919 -0.0225179 0.0504954 
-1.34628 0.451977 0.645731 0.050865 0.105529 -0.0378064 -0.0224564 0.0503607 
-1.33848 0.453361 0.645847 0.0513069 0.10606 -0.037822 -0.0223955 0.0502274 
-1.33071 0.45475 0.645961 0.0517504 0.106594 -0.0378386 -0.0223352 0.0500957 
-1.32298 0.456145 0.646075 0.0521954 0.107129 -0.0378563 -0.0222756 0.0499654 
-1.31528 0.457544 0.646188 0.052642 0.107667 -0.037875 -0.0222167 0.0498366 
-1.30761 0.458949 0.646299 0.0530903 0.108207 -0.0378948 -0.0221584 0.0497093 
-1.29997 0.46036 0.64641 0.0535402 0.108749 -0.0379156 -0.0221008 0.0495834 
-1.29236 0.461776 0.64652 0.0539919 0.109293 -0.0379376 -0.0220437 0.0494589 
-1.28478 0.463198 0.646628 0.0544454 0.10984 -0.0379606 -0.0219874 0.0493358 
-1.27723 0.464625 0.646736 0.0549007 0.110389 -0.0379847 -0.0219316 0.0492141 
-1.26971 0.466059 0.646842 0.055358 0.11094 -0.0380099 -0.0218764 0.0490938 
-1.26222 0.467499 0.646948 0.0558172 0.111494 -0.0380361 -0.0218219 0.0489749 
-1.25476 0.468944 0.647052 0.0562784 0.112051 -0.0380635 -0.021768 0.0488574 
-1.24733 0.470396 0.647155 0.0567417 0.11261 -0.038092 -0.0217147 0.0487413 
-1.23993 0.471855 0.647257 0.0572071 0.113172 -0.0381215 -0.0216619 0.0486264 
-1.23256 0.47332 0.647358 0.0576747 0.113736 -0.0381522 -0.0216098 0.048513 
-1.22521 0.474791 0.647458 0.0581445 0.114304 -0.038184 -0.0215583 0.0484008 
-1.2179 0.476269 0.647556 0.0586166 0.114874 -0.038217 -0.0215073 0.04829 
-1.21061 0.477754 0.647653 0.0590911 0.115448 -0.038251 -0.0214569 0.0481805 
-1.20334 0.479246 0.647749 0.059568 0.116024 -0.0382862 -0.0214071 0.0480723 
-1.19611 0.480745 0.647843 0.0600474 0.116604 -0.0383225 -0.0213579 0.0479654 
-1.1889 0.482251 0.647936 0.0605293 0.117186 -0.03836 -0.0213092 0.0478598 
-1.18172 0.483764 0.648027 0.0610138 0.117772 -0.0383987 -0.0212611 0.0477554 
-1.17456 0.485284 0.648117 0.0615009 0.118361 -0.0384385 -0.0212136 0.0476523 
-1.16743 0.486812 0.648205 0.0619908 0.118954 -0.0384794 -0.0211666 0.0475505 
-1.16033 0.488347 0.648292 0.0624834 0.11955 -0.0385216 -0.0211202 0.0474499 
-1.15325 0.48989 0.648377 0.0629789 0.120149 -0.0385649 -0.0210743 0.0473506 
-1.1462 0.491441 0.64846 0.0634773 0.120752 -0.0386094 -0.0210289 0.0472525 
-1.13917 0.493 0.648541 0.0639786 0.121359 -0.0386551 -0.0209841 0.0471556 
-1.13217 0.494566 0.64862 0.064483 0.12197 -0.0387021 -0.0209399 0.0470599 
-1.12519 0.496141 0.648698 0.0649904 0.122584 -0.0387502 -0.0208961 0.0469654 
-1.11824 0.497724 0.648773 0.0655011 0.123202 -0.0387996 -0.0208529 0.0468722 
-1.11131 0.499315 0.648846 0.066015 0.123824 -0.0388502 -0.0208102 0.0467801 
-1.1044 0.500914 0.648916 0.0665321 0.12445 -0.0389021 -0.020768 0.0466892 
-1.09752 0.502522 0.648984 0.0670527 0.125081 -0.0389552 -0.0207264 0.0465995 
-1.09066 0.504138 0.64905 0.0675767 0.125715 -0.0390095 -0.0206853 0.046511 
-1.08382 0.505763 0.649113 0.0681042 0.126354 -0.0390652 -0.0206446 0.0464236 
-1.07701 0.507397 0.649174 0.0686353 0.126997 -0.0391221 -0.0206045 0.0463374 
-1.07022 0.50904 0.649232 0.06917 0.127644 -0.0391803 -0.0205649 0.0462523 
-1.06345 0.510691 0.649287 0.0697085 0.128296 -0.0392399 -0.0205258 0.0461684 
-1.05671 0.512352 0.649338 0.0702509 0.128952 -0.0393007 -0.0204872 0.0460857 
-1.04999 0.514022 0.649387 0.0707971 0.129614 -0.0393629 -0.020449 0.046004 
-1.04328 0.515701 0.649432 0.0713472 0.13028 -0.0394264 -0.0204114 0.0459235 
-1.0366 0.517389 0.649474 0.0719014 0.13095 -0.0394912 -0.0203743 0.0458441 
-1.02995 0.519087 0.649513 0.0724598 0.131626 -0.0395575 -0.0203376 0.0457658 
-1.02331 0.520795 0.649548 0.0730223 0.132307 -0.0396251 -0.0203014 0.0456886 
-1.01669 0.522512 0.649579 0.0735892 0.132993 -0.0396941 -0.0202657 0.0456125 
-1.0101 0.524238 0.649606 0.0741604 0.133684 -0.0397645 -0.0202305 0.0455376 
-1.00353 0.525975 0.649629 0.0747361 0.13438 -0.0398363 -0.0201958 0.0454637 
-0.996972 0.527722 0.649647 0.0753164 0.135082 -0.0399095 -0.0201615 0.0453909 
-0.990438 0.529478 0.649661 0.0759013 0.135789 -0.0399842 -0.0201277 0.0453192 
-0.983925 0.531245 0.649671 0.0764909 0.136501 -0.0400603 -0.0200944 0.0452485 
-0.977431 0.533022 0.649675 0.0770853 0.13722 -0.0401379 -0.0200615 0.0451789 
-0.970958 0.53481 0.649675 0.0776847 0.137944 -0.040217 -0.0200291 0.0451104 
-0.964503 0.536607 0.64967 0.0782891 0.138674 -0.0402976 -0.0199972 0.045043 
-0.958068 0.538416 0.649659 0.0788986 0.13941 -0.0403797 -0.0199657 0.0449766 
-0.951652 0.540235 0.649642 0.0795133 0.140152 -0.0404634 -0.0199346 0.0449113 
-0.945256 0.542064 0.64962 0.0801333 0.1409 -0.0405486 -0.019904 0.044847 
-0.938877 0.543904 0.649592 0.0807587 0.141655 -0.0406354 -0.0198739 0.0447838 
-0.932518 0.545756 0.649557 0.0813896 0.142416 -0.0407237 -0.0198442 0.0447216 
-0.926177 0.547618 0.649516 0.0820262 0.143183 -0.0408137 -0.019815 0.0446604 
-0.919853 0.549491 0.649468 0.0826684 0.143958 -0.0409053 -0.0197862 0.0446003 
-0.913549 0.551375 0.649413 0.0833166 0.144738 -0.0409985 -0.0197579 0.0445412 
-0.907261 0.55327 0.649352 0.0839706 0.145526 -0.0410934 -0.0197299 0.0444831 
-0.900992 0.555177 0.649282 0.0846308 0.146321 -0.04119 -0.0197025 0.0444261 
-0.89474 0.557095 0.649205 0.0852971 0.147123 -0.0412882 -0.0196754 0.0443701 
-0.888506 0.559024 0.64912 0.0859697 0.147932 -0.0413882 -0.0196488 0.0443151 
-0.882288 0.560965 0.649026 0.0866488 0.148748 -0.04149 -0.0196227 0.0442611 
-0.876088 0.562918 0.648924 0.0873344 0.149572 -0.0415935 -0.0195969 0.0442081 
-0.869904 0.564882 0.648813 0.0880267 0.150403 -0.0416988 -0.0195716 0.0441561 
-0.863738 0.566858 0.648693 0.0887257 0.151243 -0.0418059 -0.0195468 0.0441052 
-0.857587 0.568846 0.648563 0.0894317 0.15209 -0.0419148 -0.0195223 0.0440552 
-0.851453 0.570845 0.648423 0.0901448 0.152945 -0.0420256 -0.0194983 0.0440062 
-0.845336 0.572856 0.648273 0.0908651 0.153808 -0.0421383 -0.0194747 0.0439583 
-0.839234 0.57488 0.648113 0.0915927 0.15468 -0.0422528 -0.0194515 0.0439113 
-0.833148 0.576915 0.647941 0.0923278 0.15556 -0.0423694 -0.0194287 0.0438653 
-0.827078 0.578963 0.647758 0.0930706 0.156448 -0.0424878 -0.0194064 0.0438203 
-0.821023 0.581022 0.647564 0.0938211 0.157345 -0.0426083 -0.0193845 0.0437764 
-0.814984 0.583094 0.647357 0.0945796 0.158252 -0.0427308 -0.019363 0.0437334 
-0.808961 0.585178 0.647137 0.0953461 0.159167 -0.0428553 -0.0193419 0.0436914 
-0.802952 0.587274 0.646905 0.0961209 0.160091 -0.0429819 -0.0193212 0.0436503 
-0.796958 0.589383 0.646659 0.0969042 0.161025 -0.0431106 -0.0193009 0.0436103 
-0.790979 0.591504 0.646399 0.097696 0.161969 -0.0432414 -0.0192811 0.0435712 
-0.785015 0.593637 0.646125 0.0984965 0.162922 -0.0433744 -0.0192617 0.0435332 
-0.779065 0.595783 0.645836 0.099306 0.163885 -0.0435095 -0.0192426 0.0434961 
-0.77313 0.597941 0.645532 0.100125 0.164858 -0.043647 -0.019224 0.04346 
-0.767209 0.600111 0.645212 0.100952 0.165841 -0.0437866 -0.0192058 0.0434248 
-0.761302 0.602294 0.644875 0.10179 0.166835 -0.0439286 -0.019188 0.0433907 
-0.755409 0.604489 0.644521 0.102637 0.167839 -0.0440729 -0.0191706 0.0433575 
-0.749529 0.606697 0.64415 0.103494 0.168854 -0.0442196 -0.0191536 0.0433254 
-0.743664 0.608917 0.64376 0.10436 0.169881 -0.0443687 -0.019137 0.0432942 
-0.737812 0.61115 0.643352 0.105238 0.170918 -0.0445202 -0.0191208 0.0432639 
-0.731973 0.613395 0.642925 0.106125 0.171967 -0.0446742 -0.019105 0.0432347 
-0.726148 0.615652 0.642477 0.107024 0.173027 -0.0448308 -0.0190897 0.0432064 
-0.720335 0.617922 0.642009 0.107933 0.1741 -0.0449899 -0.0190747 0.0431792 
-0.714536 0.620204 0.641519 0.108853 0.175184 -0.0451516 -0.0190601 0.0431529 
-0.70875 0.622498 0.641007 0.109785 0.176281 -0.045316 -0.0190459 0.0431276 
-0.702976 0.624804 0.640472 0.110728 0.17739 -0.0454831 -0.0190322 0.0431033 
-0.697215 0.627122 0.639914 0.111684 0.178512 -0.0456529 -0.0190188 0.0430799 
-0.691466 0.629453 0.639331 0.112651 0.179647 -0.0458255 -0.0190058 0.0430576 
-0.68573 0.631795 0.638723 0.113631 0.180795 -0.046001 -0.0189932 0.0430362 
-0.680006 0.634149 0.638089 0.114623 0.181957 -0.0461794 -0.0189811 0.0430159 
-0.674294 0.636515 0.637428 0.115628 0.183133 -0.0463607 -0.0189693 0.0429965 
-0.668593 0.638892 0.636739 0.116646 0.184323 -0.046545 -0.0189579 0.0429781 
-0.662905 0.641281 0.636021 0.117678 0.185526 -0.0467324 -0.018947 0.0429607 
-0.657229 0.64368 0.635274 0.118724 0.186745 -0.0469229 -0.0189364 0.0429444 
-0.651564 0.646092 0.634496 0.119783 0.187978 -0.0471165 -0.0189262 0.042929 
-0.64591 0.648513 0.633686 0.120857 0.189227 -0.0473134 -0.0189164 0.0429146 
-0.640268 0.650946 0.632843 0.121946 0.190491 -0.0475136 -0.018907 0.0429013 
-0.634637 0.653389 0.631966 0.12305 0.191771 -0.0477171 -0.0188981 0.0428889 
-0.629017 0.655842 0.631054 0.124169 0.193067 -0.047924 -0.0188895 0.0428776 
-0.623408 0.658306 0.630106 0.125303 0.19438 -0.0481345 -0.0188813 0.0428673 
-0.61781 0.660779 0.62912 0.126454 0.195709 -0.0483485 -0.0188735 0.042858 
-0.612222 0.663261 0.628096 0.127621 0.197055 -0.0485661 -0.0188662 0.0428497 
-0.606646 0.665753 0.627031 0.128805 0.198419 -0.0487874 -0.0188592 0.0428425 
-0.601079 0.668253 0.625925 0.130006 0.199801 -0.0490125 -0.0188526 0.0428363 
-0.595524 0.670762 0.624776 0.131225 0.2012 -0.0492415 -0.0188464 0.0428312 
-0.589978 0.673278 0.623583 0.132462 0.202619 -0.0494743 -0.0188407 0.0428271 
-0.584442 0.675802 0.622344 0.133717 0.204056 -0.0497112 -0.0188353 0.042824 
-0.578917 0.678334 0.621057 0.134991 0.205513 -0.0499523 -0.0188303 0.042822 
-0.573402 0.680871 0.619722 0.136284 0.20699 -0.0501975 -0.0188258 0.0428211 
-0.567896 0.683415 0.618335 0.137598 0.208486 -0.0504469 -0.0188216 0.0428212 
-0.5624 0.685965 0.616896 0.138931 0.210004 -0.0507008 -0.0188179 0.0428225 
-0.556913 0.688519 0.615403 0.140285 0.211543 -0.0509591 -0.0188145 0.0428248 
-0.551437 0.691078 0.613854 0.14166 0.213103 -0.0512221 -0.0188116 0.0428281 
-0.545969 0.69364 0.612247 0.143058 0.214685 -0.0514897 -0.0188091 0.0428326 
-0.540511 0.696205 0.610579 0.144477 0.21629 -0.051762 -0.018807 0.0428382 
-0.535062 0.698773 0.608849 0.145919 0.217918 -0.0520393 -0.0188053 0.0428449 
-0.529622 0.701341 0.607054 0.147385 0.219569 -0.0523216 -0.018804 0.0428528 
-0.52419 0.70391 0.605193 0.148875 0.221245 -0.052609 -0.0188031 0.0428617 
-0.518768 0.706479 0.603263 0.15039 0.222945 -0.0529017 -0.0188026 0.0428718 
-0.513355 0.709046 0.601261 0.15193 0.22467 -0.0531997 -0.0188026 0.042883 
-0.50795 0.711611 0.599184 0.153496 0.226422 -0.0535033 -0.0188029 0.0428954 
-0.502553 0.714172 0.597031 0.155089 0.228199 -0.0538125 -0.0188037 0.042909 
-0.497165 0.716728 0.594799 0.156709 0.230004 -0.0541275 -0.0188049 0.0429238 
-0.491786 0.719279 0.592483 0.158357 0.231837 -0.0544485 -0.0188066 0.0429397 
-0.486414 0.721821 0.590083 0.160035 0.233698 -0.0547755 -0.0188086 0.0429568 
-0.481051 0.724355 0.587593 0.161742 0.235588 -0.0551087 -0.0188111 0.0429752 
-0.475695 0.726879 0.585012 0.163479 0.237508 -0.0554484 -0.018814 0.0429948 
-0.470348 0.729391 0.582335 0.165248 0.239458 -0.0557947 -0.0188174 0.0430156 
-0.465008 0.731889 0.57956 0.167049 0.24144 -0.0561477 -0.0188211 0.0430377 
-0.459676 0.734371 0.576681 0.168884 0.243454 -0.0565076 -0.0188253 0.043061 
-0.454352 0.736837 0.573697 0.170752 0.245501 -0.0568747 -0.01883 0.0430856 
-0.449035 0.739282 0.570602 0.172656 0.247581 -0.0572491 -0.018835 0.0431115 
-0.443726 0.741706 0.567392 0.174596 0.249696 -0.0576311 -0.0188406 0.0431388 
-0.438424 0.744106 0.564064 0.176573 0.251847 -0.0580207 -0.0188465 0.0431673 
-0.433129 0.74648 0.560611 0.178589 0.254034 -0.0584184 -0.0188529 0.0431972 
-0.427841 0.748824 0.557031 0.180644 0.256259 -0.0588242 -0.0188598 0.0432285 
-0.42256 0.751136 0.553317 0.182739 0.258522 -0.0592385 -0.0188671 0.0432612 
-0.417286 0.753414 0.549464 0.184877 0.260825 -0.0596615 -0.0188748 0.0432952 
-0.412019 0.755653 0.545467 0.187058 0.263168 -0.0600934 -0.018883 0.0433307 
-0.406759 0.757851 0.541321 0.189284 0.265553 -0.0605346 -0.0188917 0.0433676 
-0.401506 0.760004 0.537018 0.191555 0.267981 -0.0609852 -0.0189008 0.043406 
-0.396258 0.762107 0.532554 0.193875 0.270453 -0.0614457 -0.0189104 0.0434459 
-0.391018 0.764158 0.527921 0.196243 0.272971 -0.0619163 -0.0189204 0.0434873 
-0.385784 0.766151 0.523112 0.198662 0.275535 -0.0623974 -0.018931 0.0435302 
-0.380556 0.768081 0.51812 0.201133 0.278147 -0.0628892 -0.018942 0.0435748 
-0.375334 0.769945 0.512938 0.203659 0.280809 -0.0633922 -0.0189534 0.0436208 
-0.370118 0.771736 0.507557 0.206241 0.283522 -0.0639068 -0.0189654 0.0436686 
-0.364908 0.773449 0.50197 0.20888 0.286287 -0.0644332 -0.0189778 0.0437179 
-0.359704 0.775078 0.496166 0.21158 0.289106 -0.064972 -0.0189907 0.043769 
-0.354506 0.776615 0.490138 0.214341 0.291982 -0.0655236 -0.0190041 0.0438217 
-0.349314 0.778055 0.483876 0.217167 0.294914 -0.0660883 -0.019018 0.0438763 
-0.344127 0.77939 0.477368 0.220059 0.297906 -0.0666668 -0.0190324 0.0439326 
-0.338946 0.780611 0.470605 0.223021 0.30096 -0.0672594 -0.0190472 0.0439907 
-0.333771 0.781711 0.463574 0.226054 0.304076 -0.0678668 -0.0190626 0.0440507 
-0.3286 0.782679 0.456264 0.229162 0.307258 -0.0684894 -0.0190785 0.0441126 
-0.323435 0.783507 0.448663 0.232347 0.310508 -0.069128 -0.0190949 0.0441764 
-0.318275 0.784184 0.440756 0.235612 0.313827 -0.069783 -0.0191118 0.0442422 
-0.313121 0.784698 0.43253 0.23896 0.317219 -0.0704551 -0.0191292 0.0443101 
-0.307971 0.785036 0.42397 0.242395 0.320685 -0.0711451 -0.0191472 0.0443801 
-0.302826 0.785187 0.41506 0.24592 0.324228 -0.0718536 -0.0191656 0.0444522 
-0.297686 0.785136 0.405782 0.249539 0.327852 -0.0725814 -0.0191846 0.0445265 
-0.292551 0.784867 0.39612 0.253256 0.331559 -0.0733294 -0.0192041 0.0446031 
-0.28742 0.784364 0.386055 0.257075 0.335351 -0.0740984 -0.0192242 0.044682 
-0.282294 0.78361 0.375567 0.261 0.339233 -0.0748893 -0.0192447 0.0447633 
-0.277173 0.782586 0.364634 0.265036 0.343207 -0.0757032 -0.0192658 0.044847 
-0.272056 0.78127 0.353234 0.269188 0.347277 -0.076541 -0.0192875 0.0449333 
-0.266943 0.77964 0.341343 0.273462 0.351447 -0.0774038 -0.0193097 0.0450222 
-0.261834 0.777673 0.328935 0.277862 0.355721 -0.0782929 -0.0193324 0.0451138 
-0.25673 0.775341 0.315984 0.282394 0.360102 -0.0792095 -0.0193556 0.0452081 
-0.25163 0.772616 0.302461 0.287065 0.364595 -0.080155 -0.0193794 0.0453054 
-0.246533 0.769468 0.288334 0.291882 0.369206 -0.0811308 -0.0194037 0.0454056 
-0.241441 0.765863 0.273571 0.296852 0.373938 -0.0821384 -0.0194286 0.0455089 
-0.236352 0.761763 0.258137 0.301983 0.378796 -0.0831795 -0.019454 0.0456154 
-0.231267 0.757129 0.241993 0.307282 0.383787 -0.0842559 -0.0194799 0.0457252 
-0.226186 0.751917 0.225099 0.312758 0.388916 -0.0853696 -0.0195064 0.0458384 
-0.221108 0.746079 0.207413 0.318421 0.394189 -0.0865225 -0.0195334 0.0459553 
-0.216034 0.739563 0.188887 0.324282 0.399613 -0.087717 -0.0195608 0.0460758 
-0.210964 0.732311 0.169471 0.33035 0.405195 -0.0889555 -0.0195888 0.0462003 
-0.205896 0.72426 0.149112 0.336638 0.410941 -0.0902405 -0.0196173 0.0463288 
-0.200832 0.715341 0.127751 0.343158 0.41686 -0.091575 -0.0196462 0.0464615 
-0.195771 0.705477 0.105327 0.349924 0.422961 -0.0929621 -0.0196755 0.0465987 
-0.190713 0.694582 0.0817716 0.356951 0.429252 -0.0944051 -0.0197053 0.0467406 
-0.185658 0.682565 0.0570118 0.364255 0.435742 -0.0959078 -0.0197355 0.0468874 
-0.180606 0.66932 0.0309689 0.371853 0.442442 -0.0974743 -0.019766 0.0470393 
-0.175557 0.654732 0.00355739 0.379765 0.449362 -0.0991089 -0.0197968 0.0471967 
-0.17051 0.638674 -0.0253154 0.388011 0.456515 -0.100817 -0.0198279 0.0473599 
-0.165466 0.621002 -0.05575 0.396613 0.463912 -0.102603 -0.0198592 0.0475291 
-0.160425 0.601555 -0.087856 0.405598 0.471567 -0.104474 -0.0198905 0.0477047 
-0.155386 0.580155 -0.121752 0.414991 0.479494 -0.106436 -0.0199219 0.0478873 
-0.15035 0.556599 -0.157568 0.424823 0.487708 -0.108498 -0.0199532 0.0480771 
-0.145316 0.530661 -0.195445 0.435127 0.496226 -0.110666 -0.0199843 0.0482748 
-0.140284 0.502083 -0.235536 0.44594 0.505063 -0.112951 -0.0200149 0.0484808 
-0.135255 0.470577 -0.278009 0.457302 0.514239 -0.115364 -0.0200449 0.0486959 
-0.130228 0.43581 -0.323046 0.469257 0.523773 -0.117916 -0.0200741 0.0489207 
-0.125202 0.397408 -0.370845 0.481855 0.533684 -0.120621 -0.020102 0.0491561 
-0.120179 0.354942 -0.421622 0.495152 0.543994 -0.123496 -0.0201282 0.0494029 
-0.115157 0.307921 -0.475608 0.509209 0.554722 -0.126558 -0.0201522 0.0496623 
-0.110138 0.255782 -0.533053 0.524094 0.56589 -0.129829 -0.0201733 0.0499354 
-0.10512 0.197878 -0.594223 0.539884 0.577517 -0.133334 -0.0201903 0.0502237 
-0.100103 0.133463 -0.659398 0.55666 0.589618 -0.137102 -0.0202021 0.0505289 
-0.0950886 0.0616789 -0.728863 0.574516 0.602203 -0.141167 -0.0202066 0.050853 
-0.0900753 -0.0184631 -0.802904 0.593548 0.615271 -0.14557 -0.020201 0.0511983 
-0.0850634 -0.1081 -0.881787 0.61386 0.628807 -0.150361 -0.0201815 0.0515678 
-0.0800528 -0.208532 -0.965735 0.635555 0.642764 -0.155599 -0.0201421 0.051965 
-0.0750435 -0.321234 -1.05488 0.658727 0.657055 -0.161354 -0.020074 0.0523943 
-0.0700354 -0.447857 -1.14919 0.683446 0.671523 -0.167713 -0.0199638 0.0528611 
-0.0650283 -0.590198 -1.24836 0.709727 0.685901 -0.17478 -0.019791 0.0533722 
-0.0600222 -0.750127 -1.35166 0.737483 0.699748 -0.182679 -0.0195238 0.0539362 
-0.0550171 -0.929427 -1.45761 0.766442 0.712352 -0.191553 -0.0191128 0.0545636 
-0.0500128 -1.12946 -1.5636 0.796007 0.722579 -0.201566 -0.0184808 0.0552679 
-0.0450093 -1.35059 -1.66521 0.82504 0.728639 -0.212884 -0.0175077 0.0560649 
-0.0400065 -1.59106 -1.75529 0.8515 0.727753 -0.225652 -0.0160082 0.0569729 
-0.0350043 -1.84527 -1.82257 0.871927 0.715697 -0.239927 -0.0137008 0.0580108 
-0.0300027 -2.10088 -1.85012 0.880728 0.686276 -0.255557 -0.0101726 0.0591927 
-0.0250016 -2.33493 -1.81399 0.869409 0.630928 -0.271982 -0.00485161 0.0605181 
-0.0200008 -2.5098 -1.68358 0.82622 0.539031 -0.287937 0.00297367 0.061954 
-0.0150003 -2.57216 -1.42675 0.737306 0.399965 -0.301173 0.014018 0.0634095 
-0.0100001 -2.46137 -1.02295 0.590926 0.208023 -0.308449 0.0286693 0.0647174 
-0.005 -2.13321 -0.483308 0.385129 -0.0304469 -0.306278 0.0465066 0.065649 
9.96071e-17 -1.59268 0.135028 0.135028 -0.292531 -0.292531 0.0659896 0.0659896 
0.005 -0.909718 0.740188 -0.128249 -0.543825 -0.267994 0.0847914 0.065649 
0.0100001 -0.194468 1.24396 -0.369921 -0.752824 -0.236352 0.100766 0.0647174 
0.0150003 0.452466 1.59787 -0.566186 -0.903527 -0.20239 0.112801 0.0634095 
0.0200008 0.973825 1.80004 -0.709757 -0.996946 -0.169977 0.120934 0.061954 
0.0250016 1.35679 1.87773 -0.805671 -1.04415 -0.141242 0.125888 0.0605181 
0.0300027 1.61589 1.86664 -0.864209 -1.05866 -0.116827 0.128558 0.0591927 
0.0350043 1.77589 1.7986 -0.895899 -1.05213 -0.0965038 0.129722 0.0580108 
0.0400065 1.86166 1.69744 -0.909348 -1.0331 -0.0796901 0.129954 0.0569729 
0.0450093 1.89402 1.57939 -0.910861 -1.00726 -0.0657388 0.129638 0.0560649 
0.0500128 1.88896 1.45482 -0.904784 -0.978213 -0.0540683 0.129017 0.0552679 
0.0550171 1.85821 1.33003 -0.894016 -0.948106 -0.0442003 0.12824 0.0545636 
0.0600222 1.81022 1.20869 -0.88045 -0.918185 -0.0357589 0.127396 0.0539362 
0.0650283 1.75094 1.09278 -0.865309 -0.889135 -0.028454 0.126535 0.0533722 
0.0700354 1.68458 0.983254 -0.849378 -0.8613 -0.0220636 0.125686 0.0528611 
0.0750435 1.61409 0.880449 -0.833155 -0.834827 -0.0164175 0.124863 0.0523943 
0.0800528 1.54154 0.784333 -0.816956 -0.809747 -0.0113845 0.124072 0.051965 
0.0850634 1.46836 0.69467 -0.800977 -0.786031 -0.0068627 0.123317 0.0515678 
0.0900753 1.39556 0.611114 -0.785337 -0.763614 -0.00277177 0.122598 0.0511983 
0.0950886 1.32381 0.533273 -0.770105 -0.742418 0.000952022 0.121912 0.050853 
0.100103 1.2536 0.46074 -0.755317 -0.72236 0.00435996 0.12126 0.0505289 
0.10512 1.18522 0.393116 -0.740991 -0.703358 0.00749379 0.120638 0.0502237 
0.110138 1.11885 0.33002 -0.727128 -0.685332 0.0103878 0.120044 0.0499354 
0.115157 1.05462 0.271094 -0.713723 -0.66821 0.0130707 0.119477 0.0496623 
0.120179 0.992572 0.216009 -0.700765 -0.651923 0.0155663 0.118934 0.0494029 
0.125202 0.932714 0.16446 -0.68824 -0.636411 0.0178949 0.118414 0.0491561 
0.130228 0.875027 0.116171 -0.676131 -0.621615 0.0200738 0.117916 0.0489207 
0.135255 0.819473 0.0708874 -0.664423 -0.607485 0.022118 0.117437 0.0486959 
0.140284 0.765998 0.0283785 -0.653097 -0.593974 0.0240404 0.116977 0.0484808 
0.145316 0.71454 -0.0115658 -0.642138 -0.58104 0.0258521 0.116534 0.0482748 
0.15035 0.66503 -0.0491368 -0.631528 -0.568643 0.0275631 0.116107 0.0480771 
0.155386 0.617398 -0.0845088 -0.621252 -0.556749 0.029182 0.115696 0.0478873 
0.160425 0.57157 -0.117841 -0.611294 -0.545325 0.0307165 0.1153 0.0477047 
0.165466 0.527474 -0.149277 -0.601641 -0.534342 0.0321734 0.114917 0.0475291 
0.17051 0.485038 -0.178951 -0.592277 -0.523773 0.0335588 0.114548 0.0473599 
0.175557 0.444192 -0.206983 -0.58319 -0.513593 0.0348782 0.11419 0.0471967 
0.180606 0.404867 -0.233484 -0.574368 -0.503779 0.0361364 0.113845 0.0470393 
0.185658 0.366997 -0.258555 -0.565798 -0.494312 0.037338 0.11351 0.0468874 
0.190713 0.33052 -0.282291 -0.557471 -0.48517 0.0384868 0.113187 0.0467406 
0.195771 0.295373 -0.304777 -0.549374 -0.476337 0.0395865 0.112873 0.0465987 
0.200832 0.261498 -0.326091 -0.541498 -0.467795 0.0406404 0.112569 0.0464615 
0.205896 0.228841 -0.346308 -0.533834 -0.45953 0.0416515 0.112275 0.0463288 
0.210964 0.197347 -0.365494 -0.526373 -0.451528 0.0426227 0.111989 0.0462003 
0.216034 0.166966 -0.383711 -0.519106 -0.443774 0.0435563 0.111712 0.0460758 
0.221108 0.137649 -0.401017 -0.512025 -0.436257 0.0444547 0.111444 0.0459553 
0.226186 0.109352 -0.417466 -0.505124 -0.428966 0.04532 0.111183 0.0458384 
0.231267 0.0820301 -0.433106 -0.498395 -0.421889 0.0461543 0.11093 0.0457252 
0.236352 0.0556418 -0.447984 -0.49183 -0.415017 0.0469593 0.110685 0.0456154 
0.241441 0.0301477 -0.462144 -0.485425 -0.408339 0.0477366 0.110446 0.0455089 
0.246533 0.0055103 -0.475624 -0.479172 -0.401849 0.0484879 0.110215 0.0454056 
0.25163 -0.018306 -0.488461 -0.473066 -0.395536 0.0492146 0.10999 0.0453054 
0.25673 -0.0413352 -0.500692 -0.467101 -0.389394 0.049918 0.109772 0.0452081 
0.261834 -0.0636096 -0.512347 -0.461273 -0.383414 0.0505994 0.10956 0.0451138 
0.266943 -0.0851598 -0.523457 -0.455576 -0.377591 0.0512599 0.109354 0.0450222 
0.272056 -0.106015 -0.534051 -0.450006 -0.371917 0.0519006 0.109154 0.0449333 
0.277173 -0.126203 -0.544155 -0.444558 -0.366388 0.0525225 0.10896 0.044847 
0.282294 -0.145751 -0.553794 -0.439228 -0.360995 0.0531267 0.108771 0.0447633 
0.28742 -0.164683 -0.562992 -0.434012 -0.355736 0.0537139 0.108588 0.044682 
0.292551 -0.183023 -0.57177 -0.428905 -0.350603 0.054285 0.10841 0.0446031 
0.297686 -0.200795 -0.580148 -0.423905 -0.345593 0.0548408 0.108238 0.0445265 
0.302826 -0.21802 -0.588148 -0.419008 -0.3407 0.0553821 0.10807 0.0444522 
0.307971 -0.234719 -0.595785 -0.414211 -0.335921 0.0559095 0.107907 0.0443801 
0.313121 -0.250912 -0.603079 -0.409509 -0.33125 0.0564236 0.107749 0.0443101 
0.318275 -0.266618 -0.610045 -0.404901 -0.326685 0.0569251 0.107596 0.0442422 
0.323435 -0.281854 -0.616699 -0.400382 -0.322221 0.0574147 0.107448 0.0441764 
0.3286 -0.296639 -0.623054 -0.395952 -0.317855 0.0578927 0.107304 0.0441126 
0.333771 -0.310989 -0.629125 -0.391605 -0.313583 0.0583598 0.107164 0.0440507 
0.338946 -0.324918 -0.634925 -0.387341 -0.309403 0.0588164 0.107029 0.0439907 
0.344127 -0.338444 -0.640465 -0.383157 -0.30531 0.0592631 0.106897 0.0439326 
0.349314 -0.351579 -0.645758 -0.37905 -0.301302 0.0597002 0.10677 0.0438763 
0.354506 -0.364338 -0.650815 -0.375017 -0.297377 0.0601281 0.106648 0.0438217 
0.359704 -0.376734 -0.655645 -0.371058 -0.293531 0.0605473 0.106529 0.043769 
0.364908 -0.388779 -0.660258 -0.367169 -0.289762 0.0609582 0.106414 0.0437179 
0.370118 -0.400486 -0.664665 -0.363349 -0.286067 0.0613611 0.106302 0.0436686 
0.375334 -0.411866 -0.668874 -0.359595 -0.282445 0.0617563 0.106195 0.0436208 
0.380556 -0.422931 -0.672893 -0.355906 -0.278892 0.0621442 0.106091 0.0435748 
0.385784 -0.433691 -0.67673 -0.35228 -0.275407 0.062525 0.105991 0.0435302 
0.391018 -0.444156 -0.680393 -0.348716 -0.271988 0.0628992 0.105895 0.0434873 
0.396258 -0.454337 -0.68389 -0.345211 -0.268632 0.0632669 0.105802 0.0434459 
0.401506 -0.464242 -0.687227 -0.341764 -0.265338 0.0636285 0.105713 0.043406 
0.406759 -0.47388 -0.69041 -0.338373 -0.262104 0.0639841 0.105627 0.0433676 
0.412019 -0.483261 -0.693447 -0.335038 -0.258928 0.0643341 0.105544 0.0433307 
0.417286 -0.492393 -0.696343 -0.331756 -0.255808 0.0646786 0.105465 0.0432952 
0.42256 -0.501283 -0.699103 -0.328526 -0.252743 0.065018 0.105389 0.0432612 
0.427841 -0.50994 -0.701733 -0.325346 -0.249731 0.0653524 0.105317 0.0432285 
0.433129 -0.518371 -0.704239 -0.322216 -0.246771 0.065682 0.105247 0.0431972 
0.438424 -0.526583 -0.706625 -0.319135 -0.243861 0.066007 0.105181 0.0431673 
0.443726 -0.534582 -0.708896 -0.3161 -0.241 0.0663276 0.105118 0.0431388 
0.449035 -0.542377 -0.711057 -0.313111 -0.238186 0.0666441 0.105058 0.0431115 
0.454352 -0.549972 -0.713111 -0.310167 -0.235419 0.0669565 0.105001 0.0430856 
0.459676 -0.557374 -0.715064 -0.307266 -0.232696 0.067265 0.104947 0.043061 
0.465008 -0.564589 -0.716918 -0.304408 -0.230018 0.0675699 0.104896 0.0430377 
0.470348 -0.571623 -0.718678 -0.301592 -0.227382 0.0678712 0.104849 0.0430156 
0.475695 -0.578481 -0.720348 -0.298816 -0.224787 0.0681692 0.104804 0.0429948 
0.481051 -0.585168 -0.72193 -0.296079 -0.222233 0.0684639 0.104762 0.0429752 
0.486414 -0.59169 -0.723429 -0.293381 -0.219718 0.0687555 0.104722 0.0429568 
0.491786 -0.598051 -0.724846 -0.29072 -0.217241 0.0690441 0.104686 0.0429397 
0.497165 -0.604257 -0.726186 -0.288097 -0.214802 0.0693299 0.104652 0.0429238 
0.502553 -0.610311 -0.727452 -0.285509 -0.212399 0.069613 0.104622 0.042909 
0.50795 -0.616218 -0.728645 -0.282957 -0.210031 0.0698935 0.104594 0.0428954 
0.513355 -0.621984 -0.729769 -0.280439 -0.207698 0.0701715 0.104569 0.042883 
0.518768 -0.62761 -0.730827 -0.277954 -0.205399 0.0704472 0.104546 0.0428718 
0.52419 -0.633103 -0.73182 -0.275502 -0.203133 0.0707206 0.104526 0.0428617 
0.529622 -0.638465 -0.732751 -0.273082 -0.200899 0.0709918 0.104509 0.0428528 
0.535062 -0.6437 -0.733623 -0.270694 -0.198696 0.0712611 0.104495 0.0428449 
0.540511 -0.648811 -0.734438 -0.268336 -0.196523 0.0715283 0.104483 0.0428382 
0.545969 -0.653804 -0.735197 -0.266008 -0.194381 0.0717937 0.104474 0.0428326 
0.551437 -0.65868 -0.735903 -0.26371 -0.192267 0.0720574 0.104468 0.0428281 
0.556913 -0.663442 -0.736558 -0.26144 -0.190182 0.0723194 0.104464 0.0428248 
0.5624 -0.668095 -0.737164 -0.259198 -0.188125 0.0725798 0.104463 0.0428225 
0.567896 -0.672641 -0.737721 -0.256984 -0.186095 0.0728388 0.104464 0.0428212 
0.573402 -0.677083 -0.738233 -0.254796 -0.184091 0.0730963 0.104468 0.0428211 
0.578917 -0.681425 -0.738701 -0.252635 -0.182113 0.0733524 0.104474 0.042822 
0.584442 -0.685667 -0.739126 -0.250499 -0.18016 0.0736074 0.104483 0.042824 
0.589978 -0.689815 -0.73951 -0.248389 -0.178232 0.0738611 0.104495 0.0428271 
0.595524 -0.693869 -0.739854 -0.246303 -0.176328 0.0741137 0.104509 0.0428312 
0.601079 -0.697833 -0.74016 -0.244242 -0.174448 0.0743653 0.104525 0.0428363 
0.606646 -0.701708 -0.74043 -0.242204 -0.17259 0.074616 0.104544 0.0428425 
0.612222 -0.705498 -0.740664 -0.240189 -0.170756 0.0748657 0.104566 0.0428497 
0.61781 -0.709205 -0.740863 -0.238197 -0.168943 0.0751146 0.10459 0.042858 
0.623408 -0.71283 -0.74103 -0.236228 -0.167151 0.0753627 0.104616 0.0428673 
0.629017 -0.716377 -0.741165 -0.23428 -0.165381 0.0756101 0.104645 0.0428776 
0.634637 -0.719846 -0.741269 -0.232353 -0.163631 0.0758569 0.104676 0.0428889 
0.640268 -0.723241 -0.741344 -0.230447 -0.161902 0.0761031 0.10471 0.0429013 
0.64591 -0.726562 -0.74139 -0.228562 -0.160192 0.0763487 0.104746 0.0429146 
0.651564 -0.729813 -0.741409 -0.226696 -0.158501 0.0765939 0.104784 0.042929 
0.657229 -0.732994 -0.741401 -0.224851 -0.156829 0.0768386 0.104825 0.0429444 
0.662905 -0.736108 -0.741367 -0.223024 -0.155176 0.077083 0.104868 0.0429607 
0.668593 -0.739157 -0.741309 -0.221217 -0.15354 0.0773271 0.104914 0.0429781 
0.674294 -0.742141 -0.741228 -0.219428 -0.151923 0.0775709 0.104962 0.0429965 
0.680006 -0.745063 -0.741123 -0.217657 -0.150322 0.0778145 0.105013 0.0430159 
0.68573 -0.747925 -0.740996 -0.215903 -0.148739 0.0780579 0.105066 0.0430362 
0.691466 -0.750727 -0.740848 -0.214168 -0.147171 0.0783013 0.105121 0.0430576 
0.697215 -0.753471 -0.74068 -0.212449 -0.145621 0.0785445 0.105179 0.0430799 
0.702976 -0.75616 -0.740491 -0.210747 -0.144085 0.0787878 0.105239 0.0431033 
0.70875 -0.758793 -0.740284 -0.209062 -0.142566 0.079031 0.105301 0.0431276 
0.714536 -0.761373 -0.740058 -0.207392 -0.141061 0.0792744 0.105366 0.0431529 
0.720335 -0.763901 -0.739814 -0.205739 -0.139572 0.0795178 0.105433 0.0431792 
0.726148 -0.766379 -0.739554 -0.2041 -0.138097 0.0797614 0.105503 0.0432064 
0.731973 -0.768807 -0.739277 -0.202477 -0.136636 0.0800053 0.105574 0.0432347 
0.737812 -0.771186 -0.738984 -0.200869 -0.135189 0.0802493 0.105649 0.0432639 
0.743664 -0.773519 -0.738676 -0.199276 -0.133756 0.0804937 0.105725 0.0432942 
0.749529 -0.775805 -0.738353 -0.197696 -0.132336 0.0807383 0.105804 0.0433254 
0.755409 -0.778047 -0.738016 -0.196131 -0.130929 0.0809833 0.105886 0.0433575 
0.761302 -0.780246 -0.737665 -0.19458 -0.129535 0.0812288 0.105969 0.0433907 
0.767209 -0.782401 -0.737301 -0.193042 -0.128153 0.0814746 0.106055 0.0434248 
0.77313 -0.784515 -0.736924 -0.191517 -0.126784 0.081721 0.106144 0.04346 
0.779065 -0.786589 -0.736535 -0.190005 -0.125426 0.0819679 0.106235 0.0434961 
0.785015 -0.788623 -0.736135 -0.188506 -0.124081 0.0822153 0.106328 0.0435332 
0.790979 -0.790618 -0.735723 -0.187019 -0.122747 0.0824633 0.106424 0.0435712 
0.796958 -0.792576 -0.7353 -0.185545 -0.121424 0.0827119 0.106522 0.0436103 
0.802952 -0.794497 -0.734866 -0.184082 -0.120112 0.0829612 0.106622 0.0436503 
0.808961 -0.796382 -0.734423 -0.182632 -0.118811 0.0832112 0.106725 0.0436914 
0.814984 -0.798232 -0.73397 -0.181192 -0.11752 0.0834619 0.10683 0.0437334 
0.821023 -0.800048 -0.733507 -0.179765 -0.11624 0.0837134 0.106937 0.0437764 
0.827078 -0.801831 -0.733035 -0.178348 -0.11497 0.0839657 0.107047 0.0438203 
0.833148 -0.803581 -0.732555 -0.176942 -0.11371 0.0842188 0.107159 0.0438653 
0.839234 -0.805299 -0.732066 -0.175546 -0.11246 0.0844728 0.107274 0.0439113 
0.845336 -0.806987 -0.73157 -0.174162 -0.111219 0.0847276 0.107391 0.0439583 
0.851453 -0.808644 -0.731065 -0.172787 -0.109987 0.0849834 0.107511 0.0440062 
0.857587 -0.810271 -0.730554 -0.171422 -0.108764 0.0852402 0.107633 0.0440552 
0.863738 -0.81187 -0.730035 -0.170067 -0.107551 0.085498 0.107757 0.0441052 
0.869904 -0.81344 -0.729509 -0.168722 -0.106345 0.0857568 0.107884 0.0441561 
0.876088 -0.814983 -0.728976 -0.167386 -0.105149 0.0860166 0.108013 0.0442081 
0.882288 -0.816498 -0.728437 -0.16606 -0.103961 0.0862775 0.108145 0.0442611 
0.888506 -0.817988 -0.727892 -0.164742 -0.10278 0.0865396 0.108279 0.0443151 
0.89474 -0.819452 -0.727342 -0.163434 -0.101608 0.0868028 0.108416 0.0443701 
0.900992 -0.82089 -0.726785 -0.162134 -0.100444 0.0870672 0.108555 0.0444261 
0.907261 -0.822305 -0.726223 -0.160842 -0.0992868 0.0873328 0.108696 0.0444831 
0.913549 -0.823695 -0.725656 -0.159559 -0.0981373 0.0875996 0.10884 0.0445412 
0.919853 -0.825062 -0.725084 -0.158284 -0.0969951 0.0878677 0.108987 0.0446003 
0.926177 -0.826405 -0.724507 -0.157017 -0.09586 0.0881372 0.109136 0.0446604 
0.932518 -0.827727 -0.723926 -0.155758 -0.0947318 0.0884079 0.109287 0.0447216 
0.938877 -0.829027 -0.72334 -0.154507 -0.0936103 0.08868 0.109441 0.0447838 
0.945256 -0.830305 -0.722749 -0.153263 -0.0924955 0.0889535 0.109598 0.044847 
0.951652 -0.831563 -0.722155 -0.152026 -0.0913871 0.0892285 0.109757 0.0449113 
0.958068 -0.8328 -0.721557 -0.150796 -0.0902849 0.0895048 0.109919 0.0449766 
0.964503 -0.834017 -0.720954 -0.149574 -0.0891889 0.0897827 0.110083 0.045043 
0.970958 -0.835214 -0.720349 -0.148358 -0.0880989 0.0900621 0.11025 0.0451104 
0.977431 -0.836392 -0.719739 -0.147149 -0.0870147 0.090343 0.110419 0.0451789 
0.983925 -0.837552 -0.719127 -0.145947 -0.0859362 0.0906255 0.110591 0.0452485 
0.990438 -0.838693 -0.718511 -0.144751 -0.0848633 0.0909096 0.110766 0.0453192 
0.996972 -0.839817 -0.717892 -0.143561 -0.0837957 0.0911953 0.110943 0.0453909 
1.00353 -0.840923 -0.71727 -0.142377 -0.0827334 0.0914827 0.111123 0.0454637 
1.0101 -0.842012 -0.716645 -0.141199 -0.0816763 0.0917717 0.111306 0.0455376 
1.01669 -0.843084 -0.716017 -0.140027 -0.0806241 0.0920625 0.111491 0.0456125 
1.02331 -0.84414 -0.715387 -0.138861 -0.0795767 0.092355 0.111679 0.0456886 
1.02995 -0.845179 -0.714753 -0.1377 -0.0785341 0.0926493 0.111869 0.0457658 
1.0366 -0.846203 -0.714118 -0.136545 -0.0774961 0.0929454 0.112062 0.0458441 
1.04328 -0.847212 -0.71348 -0.135395 -0.0764625 0.0932434 0.112258 0.0459235 
1.04999 -0.848205 -0.71284 -0.13425 -0.0754333 0.0935432 0.112457 0.046004 
1.05671 -0.849184 -0.712197 -0.13311 -0.0744082 0.0938449 0.112658 0.0460857 
1.06345 -0.850148 -0.711553 -0.131975 -0.0733872 0.0941485 0.112863 0.0461684 
1.07022 -0.851098 -0.710906 -0.130844 -0.0723702 0.0944541 0.11307 0.0462523 
1.07701 -0.852034 -0.710257 -0.129718 -0.071357 0.0947617 0.113279 0.0463374 
1.08382 -0.852956 -0.709606 -0.128597 -0.0703475 0.0950713 0.113492 0.0464236 
1.09066 -0.853865 -0.708953 -0.12748 -0.0693415 0.0953829 0.113707 0.046511 
1.09752 -0.854761 -0.708299 -0.126367 -0.068339 0.0956967 0.113925 0.0465995 
1.1044 -0.855644 -0.707642 -0.125258 -0.0673399 0.0960125 0.114146 0.0466892 
1.11131 -0.856515 -0.706984 -0.124153 -0.0663439 0.0963304 0.11437 0.0467801 
1.11824 -0.857373 -0.706324 -0.123052 -0.0653511 0.0966506 0.114597 0.0468722 
1.12519 -0.858218 -0.705662 -0.121955 -0.0643613 0.0969729 0.114827 0.0469654 
1.13217 -0.859052 -0.704998 -0.120861 -0.0633743 0.0972974 0.11506 0.0470599 
1.13917 -0.859874 -0.704333 -0.119771 -0.0623901 0.0976243 0.115295 0.0471556 
1.1462 -0.860685 -0.703666 -0.118684 -0.0614085 0.0979534 0.115534 0.0472525 
1.15325 -0.861484 -0.702998 -0.1176 -0.0604294 0.0982848 0.115775 0.0473506 
1.16033 -0.862273 -0.702328 -0.116519 -0.0594528 0.0986186 0.11602 0.0474499 
1.16743 -0.86305 -0.701656 -0.115442 -0.0584785 0.0989548 0.116268 0.0475505 
1.17456 -0.863816 -0.700983 -0.114367 -0.0575064 0.0992934 0.116518 0.0476523 
1.18172 -0.864572 -0.700308 -0.113295 -0.0565363 0.0996344 0.116772 0.0477554 
1.1889 -0.865317 -0.699632 -0.112225 -0.0555683 0.099978 0.117029 0.0478598 
1.19611 -0.866053 -0.698954 -0.111158 -0.0546021 0.100324 0.117289 0.0479654 
1.20334 -0.866778 -0.698274 -0.110094 -0.0536376 0.100673 0.117552 0.0480723 
1.21061 -0.867493 -0.697593 -0.109031 -0.0526748 0.101024 0.117818 0.0481805 
1.2179 -0.868198 -0.696911 -0.107971 -0.0517136 0.101378 0.118087 0.04829 
1.22521 -0.868893 -0.696226 -0.106913 -0.0507538 0.101734 0.11836 0.0484008 
1.23256 -0.869579 -0.695541 -0.105857 -0.0497953 0.102093 0.118636 0.048513 
1.23993 -0.870256 -0.694853 -0.104803 -0.0488381 0.102455 0.118915 0.0486264 
1.24733 -0.870923 -0.694164 -0.10375 -0.047882 0.10282 0.119197 0.0487413 
1.25476 -0.871581 -0.693473 -0.102699 -0.0469269 0.103187 0.119483 0.0488574 
1.26222 -0.87223 -0.69278 -0.10165 -0.0459727 0.103558 0.119772 0.0489749 
1.26971 -0.872869 -0.692086 -0.100601 -0.0450193 0.103931 0.120064 0.0490938 
1.27723 -0.8735 -0.69139 -0.0995546 -0.0440666 0.104307 0.12036 0.0492141 
1.28478 -0.874123 -0.690692 -0.0985089 -0.0431146 0.104686 0.120659 0.0493358 
1.29236 -0.874736 -0.689992 -0.0974642 -0.042163 0.105068 0.120961 0.0494589 
1.29997 -0.875341 -0.68929 -0.0964204 -0.0412118 0.105453 0.121267 0.0495834 
1.30761 -0.875937 -0.688587 -0.0953774 -0.040261 0.105841 0.121577 0.0497093 
1.31528 -0.876524 -0.687881 -0.0943352 -0.0393103 0.106232 0.12189 0.0498366 
1.32298 -0.877104 -0.687173 -0.0932935 -0.0383597 0.106626 0.122207 0.0499654 
1.33071 -0.877674 -0.686463 -0.0922523 -0.037409 0.107023 0.122527 0.0500957 
1.33848 -0.878237 -0.685751 -0.0912115 -0.0364583 0.107424 0.12285 0.0502274 
1.34628 -0.878791 -0.685037 -0.0901709 -0.0355073 0.107828 0.123178 0.0503607 
1.35411 -0.879337 -0.684321 -0.0891305 -0.034556 0.108235 0.123509 0.0504954 
1.36197 -0.879875 -0.683602 -0.0880901 -0.0336043 0.108645 0.123843 0.0506317 
1.36987 -0.880404 -0.68288 -0.0870497 -0.0326521 0.109059 0.124182 0.0507694 
1.3778 -0.880926 -0.682157 -0.086009 -0.0316992 0.109476 0.124524 0.0509087 
1.38576 -0.881439 -0.68143 -0.0849681 -0.0307456 0.109897 0.12487 0.0510496 
1.39376 -0.881944 -0.680701 -0.0839267 -0.0297911 0.110321 0.12522 0.051192 
1.4018 -0.882441 -0.679969 -0.0828848 -0.0288357 0.110749 0.125574 0.051336 
1.40987 -0.88293 -0.679235 -0.0818423 -0.0278793 0.11118 0.125931 0.0514816 
1.41797 -0.883411 -0.678497 -0.080799 -0.0269217 0.111615 0.126293 0.0516288 
1.42611 -0.883884 -0.677756 -0.0797549 -0.0259628 0.112053 0.126658 0.0517776 
1.43429 -0.884349 -0.677013 -0.0787097 -0.0250026 0.112495 0.127028 0.0519281 
1.4425 -0.884806 -0.676266 -0.0776635 -0.0240409 0.112941 0.127401 0.0520802 
1.45075 -0.885254 -0.675516 -0.0766161 -0.0230777 0.113391 0.127779 0.052234 
1.45904 -0.885695 -0.674762 -0.0755673 -0.0221128 0.113845 0.128161 0.0523895 
1.46736 -0.886127 -0.674005 -0.0745171 -0.0211461 0.114302 0.128547 0.0525466 
1.47573 -0.886551 -0.673244 -0.0734654 -0.0201775 0.114764 0.128937 0.0527055 
1.48413 -0.886967 -0.67248 -0.072412 -0.0192069 0.115229 0.129331 0.0528661 
1.49257 -0.887374 -0.671711 -0.0713567 -0.0182342 0.115699 0.12973 0.0530285 
1.50105 -0.887773 -0.670939 -0.0702996 -0.0172593 0.116172 0.130133 0.0531926 
1.50957 -0.888164 -0.670163 -0.0692405 -0.0162821 0.11665 0.13054 0.0533585 
1.51812 -0.888546 -0.669382 -0.0681792 -0.0153025 0.117132 0.130951 0.0535262 
1.52672 -0.88892 -0.668597 -0.0671156 -0.0143203 0.117618 0.131368 0.0536957 
1.53536 -0.889285 -0.667808 -0.0660497 -0.0133355 0.118108 0.131788 0.053867 
1.54404 -0.889642 -0.667014 -0.0649812 -0.0123479 0.118603 0.132213 0.0540402 
1.55277 -0.88999 -0.666215 -0.0639101 -0.0113575 0.119102 0.132643 0.0542153 
1.56153 -0.890329 -0.665411 -0.0628363 -0.010364 0.119606 0.133077 0.0543922 
1.57034 -0.890659 -0.664602 -0.0617596 -0.00936753 0.120114 0.133516 0.0545711 
1.57919 -0.89098 -0.663788 -0.0606799 -0.00836781 0.120627 0.13396 0.0547519 
1.58809 -0.891292 -0.662969 -0.059597 -0.00736477 0.121144 0.134408 0.0549346 
1.59703 -0.891594 -0.662144 -0.0585109 -0.00635828 0.121666 0.134862 0.0551193 
1.60601 -0.891888 -0.661313 -0.0574214 -0.00534825 0.122193 0.13532 0.055306 
1.61504 -0.892171 -0.660477 -0.0563284 -0.00433454 0.122724 0.135783 0.0554947 
1.62411 -0.892446 -0.659634 -0.0552318 -0.00331704 0.12326 0.136251 0.0556854 
1.63323 -0.89271 -0.658785 -0.0541313 -0.00229564 0.123802 0.136724 0.0558782 
1.64239 -0.892965 -0.65793 -0.053027 -0.0012702 0.124348 0.137202 0.056073 
1.65161 -0.89321 -0.657069 -0.0519186 -0.000240615 0.124899 0.137685 0.0562699 
1.66087 -0.893444 -0.6562 -0.0508061 0.000793244 0.125455 0.138174 0.056469 
1.67017 -0.893668 -0.655325 -0.0496892 0.0018315 0.126017 0.138667 0.0566702 
1.67953 -0.893882 -0.654442 -0.0485679 0.00287427 0.126584 0.139166 0.0568735 
1.68894 -0.894085 -0.653552 -0.047442 0.0039217 0.127156 0.139671 0.057079 
1.69839 -0.894278 -0.652655 -0.0463114 0.00497389 0.127733 0.14018 0.0572868 
1.70789 -0.894459 -0.65175 -0.0451759 0.00603099 0.128316 0.140695 0.0574967 
1.71745 -0.894629 -0.650837 -0.0440354 0.00709312 0.128904 0.141216 0.057709 
1.72706 -0.894788 -0.649915 -0.0428897 0.00816042 0.129498 0.141742 0.0579235 
1.73671 -0.894935 -0.648985 -0.0417388 0.00923301 0.130097 0.142274 0.0581403 
1.74642 -0.89507 -0.648047 -0.0405823 0.010311 0.130702 0.142812 0.0583594 
1.75619 -0.895194 -0.6471 -0.0394203 0.0113946 0.131313 0.143355 0.0585809 
1.766 -0.895305 -0.646143 -0.0382525 0.0124839 0.13193 0.143904 0.0588048 
1.77587 -0.895404 -0.645177 -0.0370788 0.013579 0.132553 0.144459 0.0590311 
1.7858 -0.89549 -0.644202 -0.0358991 0.0146801 0.133182 0.145021 0.0592598 
1.79578 -0.895563 -0.643217 -0.0347131 0.0157874 0.133816 0.145588 0.059491 
1.80581 -0.895623 -0.642221 -0.0335207 0.0169009 0.134457 0.146161 0.0597247 
1.81591 -0.895669 -0.641215 -0.0323218 0.0180208 0.135104 0.14674 0.0599609 
1.82606 -0.895701 -0.640199 -0.0311162 0.0191472 0.135758 0.147326 0.0601997 
1.83626 -0.89572 -0.639171 -0.0299038 0.0202804 0.136418 0.147918 0.0604411 
1.84653 -0.895724 -0.638133 -0.0286843 0.0214204 0.137084 0.148516 0.060685 
1.85685 -0.895714 -0.637082 -0.0274576 0.0225674 0.137757 0.149121 0.0609317 
1.86724 -0.895689 -0.63602 -0.0262235 0.0237216 0.138437 0.149733 0.0611809 
1.87768 -0.895649 -0.634946 -0.0249819 0.0248831 0.139123 0.150351 0.0614329 
1.88819 -0.895593 -0.63386 -0.0237325 0.0260521 0.139816 0.150976 0.0616877 
1.89876 -0.895521 -0.63276 -0.0224752 0.0272288 0.140516 0.151607 0.0619452 
1.90939 -0.895433 -0.631648 -0.0212099 0.0284132 0.141223 0.152246 0.0622055 
1.92008 -0.895328 -0.630522 -0.0199363 0.0296056 0.141938 0.152891 0.0624687 
1.93084 -0.895207 -0.629382 -0.0186542 0.0308061 0.142659 0.153543 0.0627347 
1.94166 -0.895068 -0.628228 -0.0173635 0.032015 0.143388 0.154203 0.0630036 
1.95255 -0.894912 -0.62706 -0.016064 0.0332323 0.144124 0.15487 0.0632755 
1.9635 -0.894737 -0.625877 -0.0147554 0.0344582 0.144868 0.155544 0.0635504 
1.97452 -0.894544 -0.624679 -0.0134376 0.035693 0.145619 0.156225 0.0638283 
1.98561 -0.894333 -0.623465 -0.0121104 0.0369368 0.146378 0.156914 0.0641092 
1.99677 -0.894101 -0.622235 -0.0107735 0.0381898 0.147144 0.157611 0.0643933 
2.00799 -0.893851 -0.620989 -0.0094268 0.0394521 0.147919 0.158315 0.0646804 
2.01929 -0.89358 -0.619726 -0.00807006 0.040724 0.148701 0.159027 0.0649708 
2.03066 -0.893288 -0.618446 -0.00670306 0.0420057 0.149492 0.159747 0.0652644 
2.0421 -0.892975 -0.617149 -0.00532558 0.0432973 0.150291 0.160475 0.0655612 
2.05361 -0.892641 -0.615833 -0.00393741 0.0445991 0.151099 0.161211 0.0658613 
2.06519 -0.892285 -0.614499 -0.00253832 0.0459111 0.151914 0.161955 0.0661648 
2.07685 -0.891906 -0.613147 -0.00112808 0.0472338 0.152739 0.162707 0.0664716 
2.08859 -0.891504 -0.611774 0.000293526 0.0485672 0.153572 0.163468 0.0667819 
2.1004 -0.891078 -0.610382 0.00172675 0.0499115 0.154414 0.164238 0.0670956 
2.11229 -0.890628 -0.60897 0.00317181 0.051267 0.155265 0.165016 0.0674129 
2.12426 -0.890154 -0.607537 0.00462897 0.0526339 0.156124 0.165802 0.0677337 
2.13631 -0.889654 -0.606083 0.00609846 0.0540124 0.156994 0.166598 0.0680581 
2.14844 -0.889128 -0.604606 0.00758053 0.0554028 0.157872 0.167402 0.0683862 
2.16064 -0.888576 -0.603108 0.00907544 0.0568052 0.15876 0.168216 0.068718 
2.17294 -0.887996 -0.601587 0.0105835 0.0582199 0.159657 0.169039 0.0690536 
2.18531 -0.887389 -0.600042 0.0121048 0.0596471 0.160565 0.169871 0.069393 
2.19777 -0.886753 -0.598473 0.0136398 0.061087 0.161482 0.170712 0.0697362 
2.21031 -0.886088 -0.59688 0.0151887 0.06254 0.162409 0.171563 0.0700833 
2.22294 -0.885393 -0.595262 0.0167518 0.0640062 0.163346 0.172424 0.0704344 
2.23566 -0.884668 -0.593618 0.0183294 0.065486 0.164294 0.173295 0.0707896 
2.24847 -0.883912 -0.591947 0.0199217 0.0669794 0.165252 0.174176 0.0711488 
2.26136 -0.883123 -0.59025 0.021529 0.0684869 0.166221 0.175067 0.0715121 
2.27435 -0.882302 -0.588525 0.0231517 0.0700087 0.1672 0.175968 0.0718797 
2.28743 -0.881447 -0.586772 0.02479 0.0715451 0.168191 0.176879 0.0722515 
2.3006 -0.880558 -0.58499 0.0264442 0.0730962 0.169192 0.177801 0.0726276 
2.31387 -0.879634 -0.583179 0.0281148 0.0746625 0.170205 0.178734 0.073008 
2.32723 -0.878674 -0.581337 0.0298019 0.0762442 0.171229 0.179678 0.0733929 
2.34069 -0.877676 -0.579464 0.0315059 0.0778415 0.172265 0.180633 0.0737823 
2.35425 -0.876642 -0.57756 0.0332272 0.0794548 0.173312 0.181598 0.0741763 
2.3679 -0.875568 -0.575623 0.034966 0.0810844 0.174372 0.182576 0.0745749 
2.38166 -0.874455 -0.573652 0.0367228 0.0827306 0.175444 0.183564 0.0749782 
2.39552 -0.873301 -0.571648 0.0384978 0.0843936 0.176527 0.184565 0.0753862 
2.40948 -0.872105 -0.569609 0.0402915 0.0860739 0.177624 0.185577 0.0757991 
2.42355 -0.870868 -0.567534 0.0421042 0.0877717 0.178733 0.186601 0.0762169 
2.43773 -0.869586 -0.565423 0.0439363 0.0894874 0.179855 0.187638 0.0766396 
2.45201 -0.86826 -0.563275 0.0457881 0.0912212 0.18099 0.188686 0.0770674 
2.4664 -0.866888 -0.561088 0.0476601 0.0929737 0.182138 0.189748 0.0775003 
2.4809 -0.865469 -0.558862 0.0495526 0.094745 0.1833 0.190822 0.0779385 
2.49552 -0.864002 -0.556596 0.0514661 0.0965355 0.184476 0.191909 0.0783819 
2.51024 -0.862486 -0.554289 0.0534009 0.0983457 0.185665 0.193009 0.0788306 
2.52509 -0.860919 -0.55194 0.0553574 0.100176 0.186869 0.194123 0.0792848 
2.54005 -0.859301 -0.549548 0.0573362 0.102026 0.188087 0.19525 0.0797446 
2.55513 -0.85763 -0.547112 0.0593376 0.103898 0.189319 0.19639 0.0802099 
2.57033 -0.855905 -0.544632 0.0613621 0.10579 0.190567 0.197545 0.0806809 
2.58565 -0.854124 -0.542105 0.0634101 0.107704 0.191829 0.198714 0.0811577 
2.60109 -0.852286 -0.539531 0.0654822 0.10964 0.193107 0.199897 0.0816404 
2.61666 -0.85039 -0.536909 0.0675787 0.111598 0.1944 0.201095 0.0821291 
2.63236 -0.848434 -0.534237 0.0697002 0.113579 0.195709 0.202308 0.0826238 
2.64818 -0.846417 -0.531515 0.0718471 0.115584 0.197034 0.203536 0.0831246 
2.66414 -0.844337 -0.528741 0.07402 0.117612 0.198376 0.204779 0.0836317 
2.68023 -0.842192 -0.525913 0.0762193 0.119664 0.199734 0.206038 0.0841451 
2.69645 -0.839982 -0.523032 0.0784457 0.12174 0.201108 0.207312 0.084665 
2.71281 -0.837704 -0.520095 0.0806996 0.123842 0.2025 0.208603 0.0851915 
2.72931 -0.835357 -0.517101 0.0829816 0.125969 0.20391 0.20991 0.0857246 
2.74595 -0.832938 -0.514049 0.0852922 0.128123 0.205337 0.211233 0.0862645 
2.76273 -0.830447 -0.510938 0.0876321 0.130303 0.206782 0.212573 0.0868112 
2.77965 -0.827881 -0.507765 0.0900018 0.13251 0.208245 0.213931 0.087365 
2.79672 -0.825239 -0.50453 0.0924018 0.134744 0.209727 0.215306 0.0879258 
2.81395 -0.822518 -0.50123 0.094833 0.137007 0.211228 0.216698 0.0884939 
2.83132 -0.819717 -0.497865 0.0972957 0.139298 0.212749 0.218109 0.0890693 
2.84884 -0.816833 -0.494433 0.0997908 0.141619 0.214289 0.219538 0.0896522 
2.86653 -0.813864 -0.490933 0.102319 0.143969 0.215848 0.220985 0.0902426 
2.88437 -0.810809 -0.487362 0.10488 0.14635 0.217428 0.222451 0.0908408 
2.90237 -0.807665 -0.483718 0.107476 0.148762 0.219029 0.223937 0.0914468 
2.92053 -0.804429 -0.480001 0.110107 0.151206 0.220651 0.225442 0.0920608 
2.93886 -0.8011 -0.476208 0.112774 0.153681 0.222293 0.226967 0.092683 
2.95735 -0.797675 -0.472338 0.115477 0.15619 0.223958 0.228513 0.0933133 
2.97602 -0.794152 -0.468388 0.118217 0.158732 0.225645 0.230078 0.0939521 
2.99486 -0.790528 -0.464357 0.120996 0.161309 0.227354 0.231665 0.0945995 
3.01388 -0.7868 -0.460243 0.123813 0.16392 0.229086 0.233273 0.0952555 
3.03308 -0.782965 -0.456043 0.126669 0.166567 0.230842 0.234903 0.0959204 
3.05245 -0.779022 -0.451756 0.129566 0.16925 0.232621 0.236555 0.0965942 
3.07202 -0.774967 -0.447379 0.132505 0.17197 0.234425 0.23823 0.0972773 
3.09177 -0.770797 -0.44291 0.135485 0.174729 0.236253 0.239927 0.0979697 
3.11171 -0.76651 -0.438347 0.138508 0.177525 0.238106 0.241647 0.0986715 
3.13184 -0.762102 -0.433688 0.141576 0.180361 0.239984 0.243391 0.0993831 
3.15217 -0.757569 -0.42893 0.144688 0.183238 0.241889 0.24516 0.100104 
3.1727 -0.75291 -0.424071 0.147846 0.186155 0.24382 0.246953 0.100836 
3.19343 -0.74812 -0.419108 0.15105 0.189114 0.245778 0.24877 0.101577 
3.21437 -0.743196 -0.414038 0.154303 0.192117 0.247764 0.250614 0.102329 
3.23553 -0.738134 -0.408859 0.157604 0.195162 0.249777 0.252483 0.103092 
3.25689 -0.732931 -0.403569 0.160955 0.198252 0.251819 0.254379 0.103865 
3.27847 -0.727583 -0.398164 0.164357 0.201388 0.25389 0.256301 0.10465 
3.30027 -0.722086 -0.392641 0.167811 0.20457 0.255991 0.258251 0.105445 
3.3223 -0.716437 -0.386998 0.171318 0.2078 0.258122 0.260229 0.106252 
3.34456 -0.710631 -0.381231 0.174879 0.211078 0.260283 0.262236 0.107071 
3.36704 -0.704663 -0.375338 0.178496 0.214406 0.262476 0.264271 0.107901 
3.38977 -0.69853 -0.369314 0.18217 0.217784 0.264701 0.266336 0.108743 
3.41273 -0.692227 -0.363157 0.185902 0.221214 0.266959 0.268431 0.109598 
3.43594 -0.68575 -0.356863 0.189692 0.224697 0.26925 0.270557 0.110465 
3.4594 -0.679093 -0.350429 0.193544 0.228233 0.271575 0.272714 0.111345 
3.48311 -0.672252 -0.343851 0.197457 0.231825 0.273934 0.274903 0.112238 
3.50708 -0.665222 -0.337126 0.201434 0.235473 0.276329 0.277125 0.113145 
3.53132 -0.657997 -0.330248 0.205476 0.239179 0.27876 0.27938 0.114064 
3.55581 -0.650573 -0.323216 0.209584 0.242943 0.281227 0.281668 0.114998 
3.58059 -0.642943 -0.316023 0.213759 0.246767 0.283732 0.283992 0.115946 
3.60564 -0.635103 -0.308667 0.218004 0.250653 0.286275 0.28635 0.116908 
3.63097 -0.627046 -0.301143 0.22232 0.254602 0.288857 0.288745 0.117885 
3.65658 -0.618765 -0.293446 0.226708 0.258615 0.291479 0.291176 0.118877 
3.68249 -0.610256 -0.285572 0.231171 0.262694 0.294142 0.293645 0.119884 
3.7087 -0.601512 -0.277516 0.23571 0.26684 0.296846 0.296151 0.120906 
3.73522 -0.592525 -0.269273 0.240326 0.271055 0.299593 0.298697 0.121945 
3.76204 -0.583289 -0.260838 0.245022 0.27534 0.302383 0.301283 0.123 
3.78917 -0.573797 -0.252206 0.249799 0.279697 0.305217 0.303909 0.124071 
3.81663 -0.564042 -0.243372 0.254659 0.284127 0.308097 0.306577 0.12516 
3.84442 -0.554016 -0.23433 0.259605 0.288633 0.311022 0.309288 0.126265 
3.87254 -0.543712 -0.225075 0.264639 0.293216 0.313995 0.312041 0.127389 
3.901 -0.533121 -0.2156 0.269761 0.297878 0.317016 0.314839 0.12853 
3.9298 -0.522235 -0.2059 0.274976 0.302621 0.320086 0.317682 0.12969 
3.95896 -0.511046 -0.195967 0.280284 0.307447 0.323206 0.320571 0.130869 
3.98849 -0.499545 -0.185797 0.285689 0.312357 0.326378 0.323508 0.132067 
4.01837 -0.487722 -0.175382 0.291192 0.317354 0.329603 0.326493 0.133284 
4.04864 -0.475569 -0.164715 0.296796 0.32244 0.332881 0.329527 0.134522 
4.07929 -0.463075 -0.15379 0.302504 0.327616 0.336214 0.332611 0.13578 
4.11032 -0.450231 -0.142598 0.308318 0.332886 0.339604 0.335747 0.13706 
4.14176 -0.437026 -0.131133 0.31424 0.338252 0.343051 0.338936 0.13836 
4.17361 -0.423449 -0.119387 0.320274 0.343715 0.346557 0.342179 0.139683 
4.20586 -0.409489 -0.107351 0.326422 0.349278 0.350124 0.345477 0.141029 
4.23855 -0.395136 -0.0950169 0.332688 0.354945 0.353751 0.348831 0.142397 
4.27167 -0.380376 -0.0823768 0.339074 0.360716 0.357443 0.352243 0.143789 
4.30522 -0.365197 -0.0694213 0.345583 0.366596 0.361198 0.355714 0.145205 
4.33923 -0.349588 -0.0561415 0.352218 0.372586 0.36502 0.359246 0.146646 
4.37371 -0.333534 -0.0425276 0.358984 0.378691 0.368909 0.362839 0.148112 
4.40865 -0.317023 -0.0285699 0.365883 0.384911 0.372868 0.366496 0.149604 
4.44408 -0.300039 -0.0142582 0.372918 0.391251 0.376898 0.370218 0.151122 
4.47999 -0.282569 0.000417986 0.380094 0.397714 0.381001 0.374006 0.152667 
4.51642 -0.264597 0.0154696 0.387414 0.404303 0.385178 0.377863 0.15424 
4.55335 -0.246107 0.0309079 0.394882 0.411021 0.389432 0.381789 0.155842 
4.59081 -0.227084 0.0467446 0.402502 0.417871 0.393764 0.385787 0.157473 
4.62881 -0.20751 0.0629917 0.410278 0.424858 0.398176 0.389857 0.159134 
4.66736 -0.187368 0.0796619 0.418215 0.431984 0.402671 0.394003 0.160825 
4.70647 -0.16664 0.0967679 0.426316 0.439254 0.40725 0.398226 0.162548 
4.74616 -0.145307 0.114323 0.434587 0.446672 0.411916 0.402528 0.164303 
4.78644 -0.123349 0.132342 0.443032 0.454241 0.41667 0.406911 0.166091 
4.82732 -0.100747 0.150839 0.451656 0.461966 0.421516 0.411377 0.167912 
4.86882 -0.0774795 0.169828 0.460464 0.46985 0.426455 0.415928 0.169769 
4.91095 -0.0535245 0.189326 0.469461 0.4779 0.43149 0.420567 0.171661 
4.95373 -0.0288596 0.209347 0.478653 0.486118 0.436624 0.425295 0.17359 
4.99717 -0.0034613 0.22991 0.488046 0.49451 0.441859 0.430115 0.175556 
5.0413 0.0226948 0.251032 0.497644 0.503081 0.447198 0.43503 0.177561 
5.08611 0.0496339 0.27273 0.507455 0.511836 0.452643 0.440042 0.179606 
5.13165 0.0773824 0.295023 0.517484 0.520781 0.458199 0.445154 0.181691 
5.17791 0.105968 0.31793 0.527738 0.52992 0.463867 0.450368 0.183818 
5.22492 0.135418 0.341473 0.538223 0.53926 0.469651 0.455688 0.185988 
5.2727 0.165763 0.365671 0.548947 0.548806 0.475554 0.461116 0.188203 
5.32127 0.197034 0.390546 0.559917 0.558565 0.481579 0.466655 0.190462 
5.37066 0.229262 0.416122 0.57114 0.568542 0.487731 0.472308 0.192768 
5.42087 0.262481 0.442421 0.582624 0.578746 0.494012 0.478079 0.195123 
5.47193 0.296726 0.469469 0.594377 0.589181 0.500426 0.483971 0.197526 
5.52387 0.332032 0.49729 0.606407 0.599856 0.506977 0.489988 0.19998 
5.57671 0.368438 0.525912 0.618723 0.610779 0.51367 0.496132 0.202487 
5.63047 0.405982 0.555362 0.631335 0.621955 0.520508 0.502409 0.205047 
5.68518 0.444705 0.585669 0.644251 0.633395 0.527497 0.508821 0.207663 
5.74086 0.484651 0.616862 0.657482 0.645105 0.534639 0.515374 0.210336 
5.79755 0.525862 0.648973 0.671036 0.657095 0.54194 0.52207 0.213068 
5.85526 0.568387 0.682036 0.684926 0.669373 0.549406 0.528915 0.21586 
5.91404 0.612273 0.716082 0.699163 0.681949 0.55704 0.535913 0.218714 
5.9739 0.65757 0.751149 0.713756 0.694833 0.564848 0.543068 0.221633 
6.03489 0.704332 0.787273 0.728719 0.708034 0.572837 0.550387 0.224619 
6.09703 0.752614 0.824493 0.744064 0.721563 0.58101 0.557873 0.227673 
6.16036 0.802473 0.862849 0.759804 0.735432 0.589375 0.565532 0.230797 
6.22491 0.853969 0.902384 0.775953 0.749652 0.597938 0.57337 0.233994 
6.29072 0.907165 0.943141 0.792524 0.764234 0.606705 0.581393 0.237267 
6.35783 0.962128 0.985166 0.809532 0.779191 0.615682 0.589606 0.240617 
6.42628 1.01893 1.02851 0.826993 0.794536 0.624878 0.598016 0.244048 
6.4961 1.07763 1.07322 0.844922 0.810283 0.634298 0.606629 0.247561 
6.56735 1.13832 1.11934 0.863337 0.826446 0.643951 0.615453 0.251161 
6.64007 1.20107 1.16695 0.882255 0.84304 0.653845 0.624494 0.254849 
6.71431 1.26596 1.21608 0.901695 0.860079 0.663988 0.63376 0.258628 
6.79011 1.33309 1.26681 0.921675 0.877581 0.674389 0.643258 0.262503 
6.86752 1.40254 1.3192 0.942215 0.895562 0.685056 0.652997 0.266476 
6.94661 1.47441 1.37331 0.963337 0.914041 0.696 0.662986 0.27055 
7.02741 1.5488 1.42921 0.985062 0.933035 0.70723 0.673233 0.27473 
7.11001 1.62582 1.48698 1.00741 0.952563 0.718757 0.683747 0.279019 
7.19444 1.70557 1.5467 1.03042 0.972648 0.730591 0.694539 0.283421 
7.28079 1.78817 1.60843 1.0541 0.993309 0.742744 0.705618 0.28794 
7.36911 1.87376 1.67228 1.07848 1.01457 0.755229 0.716995 0.292581 
7.45947 1.96244 1.73833 1.10359 1.03645 0.768057 0.728682 0.297348 
7.55195 2.05437 1.80667 1.12946 1.05898 0.781242 0.74069 0.302247 
7.64663 2.14969 1.87741 1.15613 1.08219 0.794797 0.753032 0.307281 
7.74358 2.24854 1.95064 1.18361 1.10609 0.808738 0.765721 0.312457 
7.84289 2.35109 2.02648 1.21196 1.13073 0.823079 0.77877 0.31778 
7.94465 2.4575 2.10505 1.24119 1.15612 0.837836 0.792194 0.323255 
8.04896 2.56795 2.18646 1.27136 1.18231 0.853028 0.806008 0.32889 
8.1559 2.68263 2.27085 1.3025 1.20932 0.86867 0.820227 0.33469 
8.26559 2.80174 2.35835 1.33466 1.23719 0.884782 0.834869 0.340663 
8.37813 2.92549 2.44911 1.36787 1.26596 0.901385 0.849952 0.346815 
8.49364 3.0541 2.54327 1.40218 1.29567 0.918498 0.865493 0.353154 
8.61223 3.1878 2.64102 1.43765 1.32636 0.936144 0.881514 0.359689 
8.73404 3.32685 2.7425 1.47433 1.35807 0.954346 0.898033 0.366427 
8.8592 3.47151 2.84791 1.51227 1.39085 0.973129 0.915075 0.373378 
8.98785 3.62206 2.95744 1.55153 1.42475 0.992519 0.932661 0.380552 
9.12015 3.77879 3.07129 1.59217 1.45982 1.01254 0.950816 0.387957 
9.25624 3.94203 3.18968 1.63427 1.49612 1.03323 0.969568 0.395606 
9.39631 4.11212 3.31284 1.67788 1.5337 1.05461 0.988942 0.403509 
9.54052 4.2894 3.44102 1.72309 1.57263 1.07672 1.00897 0.411678 
9.68907 4.47426 3.57447 1.76997 1.61298 1.0996 1.02968 0.420125 
9.84216 4.66712 3.71349 1.81861 1.65481 1.12327 1.05111 0.428866 
10 4.8684 3.85836 1.8691 1.69821 1.14778 1.07329 0.437913 
