-10 3.82336 3.26658 0.427438 0.902131 0.416776 0.428672 0.0529558 
-9.84216 3.65212 3.12644 0.422004 0.876993 0.408288 0.419812 0.0518618 
-9.68907 3.48815 2.99215 0.416696 0.852778 0.400087 0.411252 0.0508048 
-9.54052 3.33106 2.8634 0.41151 0.829441 0.392159 0.402979 0.0497832 
-9.39631 3.18051 2.73991 0.406441 0.80694 0.384492 0.394979 0.0487954 
-9.25624 3.03615 2.62142 0.401485 0.785235 0.377073 0.38724 0.0478397 
-9.12015 2.89769 2.50768 0.396638 0.764289 0.369892 0.379749 0.0469148 
-8.98785 2.76483 2.39846 0.391897 0.744067 0.362938 0.372497 0.0460193 
-8.8592 2.63729 2.29353 0.387258 0.724536 0.356202 0.365472 0.0451518 
-8.73404 2.51482 2.1927 0.382718 0.705664 0.349672 0.358665 0.0443112 
-8.61223 2.39717 2.09576 0.378273 0.687423 0.343342 0.352066 0.0434964 
-8.49364 2.28412 2.00253 0.373921 0.669784 0.337203 0.345667 0.0427061 
-8.37813 2.17545 1.91285 0.369658 0.652721 0.331245 0.339459 0.0419395 
-8.26559 2.07096 1.82654 0.365482 0.63621 0.325463 0.333434 0.0411956 
-8.1559 1.97045 1.74345 0.361391 0.620226 0.319849 0.327585 0.0404733 
-8.04896 1.87374 1.66345 0.357381 0.604749 0.314396 0.321905 0.0397719 
-7.94465 1.78066 1.58638 0.35345 0.589755 0.309099 0.316387 0.0390905 
-7.84289 1.69106 1.51212 0.349597 0.575227 0.303949 0.311025 0.0384284 
-7.74358 1.60477 1.44055 0.345818 0.561144 0.298943 0.305813 0.0377847 
-7.64663 1.52165 1.37156 0.342111 0.547489 0.294075 0.300744 0.0371588 
-7.55195 1.44156 1.30502 0.338475 0.534245 0.289339 0.295814 0.03655 
-7.45947 1.36438 1.24084 0.334907 0.521395 0.28473 0.291017 0.0359577 
-7.36911 1.28997 1.17891 0.331406 0.508925 0.280244 0.286349 0.0353812 
-7.28079 1.21822 1.11914 0.32797 0.496818 0.275876 0.281804 0.03482 
-7.19444 1.14903 1.06145 0.324596 0.485062 0.271622 0.277379 0.0342735 
-7.11001 1.08227 1.00574 0.321284 0.473644 0.267478 0.273068 0.0337411 
-7.02741 1.01786 0.95194 0.318032 0.462549 0.263439 0.268868 0.0332225 
-6.94661 0.955697 0.899965 0.314837 0.451767 0.259503 0.264775 0.032717 
-6.86752 0.895688 0.849746 0.311699 0.441286 0.255666 0.260785 0.0322243 
-6.79011 0.837746 0.801211 0.308616 0.431095 0.251924 0.256895 0.0317439 
-6.71431 0.781791 0.754295 0.305587 0.421183 0.248274 0.253101 0.0312753 
-6.64007 0.727743 0.708934 0.30261 0.411541 0.244713 0.2494 0.0308183 
-6.56735 0.675527 0.665068 0.299685 0.402158 0.241238 0.245788 0.0303723 
-6.4961 0.625071 0.622638 0.296808 0.393026 0.237846 0.242264 0.029937 
-6.42628 0.576308 0.58159 0.293981 0.384135 0.234534 0.238823 0.0295121 
-6.35783 0.529172 0.541871 0.2912 0.375479 0.2313 0.235464 0.0290973 
-6.29072 0.483601 0.503432 0.288466 0.367047 0.228141 0.232183 0.0286921 
-6.22491 0.439536 0.466224 0.285777 0.358834 0.225056 0.228979 0.0282964 
-6.16036 0.396919 0.430202 0.283132 0.35083 0.222041 0.225848 0.0279098 
-6.09703 0.355698 0.395321 0.28053 0.343031 0.219094 0.222789 0.0275319 
-6.03489 0.315819 0.36154 0.277969 0.335427 0.216213 0.219798 0.0271626 
-5.9739 0.277234 0.328819 0.27545 0.328014 0.213397 0.216875 0.0268016 
-5.91404 0.239895 0.297119 0.272971 0.320785 0.210643 0.214017 0.0264486 
-5.85526 0.203757 0.266405 0.27053 0.313734 0.207949 0.211222 0.0261034 
-5.79755 0.168775 0.236639 0.268128 0.306855 0.205314 0.208488 0.0257658 
-5.74086 0.13491 0.20779 0.265764 0.300143 0.202736 0.205813 0.0254355 
-5.68518 0.10212 0.179825 0.263436 0.293592 0.200213 0.203196 0.0251122 
-5.63047 0.0703673 0.152712 0.261143 0.287198 0.197744 0.200634 0.0247959 
-5.57671 0.0396158 0.126422 0.258886 0.280955 0.195326 0.198127 0.0244863 
-5.52387 0.00983014 0.100928 0.256663 0.274858 0.19296 0.195673 0.0241832 
-5.47193 -0.0190233 0.0762 0.254473 0.268904 0.190642 0.193269 0.0238864 
-5.42087 -0.046977 0.0522136 0.252316 0.263088 0.188372 0.190916 0.0235957 
-5.37066 -0.0740618 0.0289431 0.250191 0.257406 0.186148 0.188611 0.023311 
-5.32127 -0.100308 0.00636455 0.248097 0.251854 0.183969 0.186353 0.0230322 
-5.2727 -0.125743 -0.0155454 0.246034 0.246427 0.181835 0.18414 0.0227589 
-5.22492 -0.150395 -0.0368091 0.244001 0.241122 0.179742 0.181972 0.0224912 
-5.17791 -0.174291 -0.0574479 0.241998 0.235936 0.177692 0.179847 0.0222287 
-5.13165 -0.197455 -0.0774824 0.240023 0.230865 0.175682 0.177765 0.0219715 
-5.08611 -0.219912 -0.0969325 0.238076 0.225906 0.173711 0.175723 0.0217193 
-5.0413 -0.241686 -0.115817 0.236158 0.221055 0.171778 0.173721 0.0214721 
-4.99717 -0.262799 -0.134155 0.234266 0.216309 0.169882 0.171758 0.0212296 
-4.95373 -0.283273 -0.151963 0.232401 0.211666 0.168023 0.169832 0.0209918 
-4.91095 -0.303128 -0.169259 0.230561 0.207122 0.166199 0.167944 0.0207586 
-4.86882 -0.322385 -0.186059 0.228748 0.202675 0.16441 0.166091 0.0205298 
-4.82732 -0.341064 -0.202379 0.226959 0.198322 0.162654 0.164273 0.0203053 
-4.78644 -0.359181 -0.218233 0.225195 0.19406 0.160931 0.162489 0.020085 
-4.74616 -0.376757 -0.233638 0.223455 0.189887 0.159239 0.160738 0.0198687 
-4.70647 -0.393807 -0.248605 0.221738 0.1858 0.157579 0.15902 0.0196565 
-4.66736 -0.410349 -0.263151 0.220045 0.181797 0.155949 0.157333 0.0194482 
-4.62881 -0.426398 -0.277286 0.218374 0.177876 0.154349 0.155677 0.0192437 
-4.59081 -0.44197 -0.291024 0.216726 0.174035 0.152777 0.154051 0.0190428 
-4.55335 -0.457081 -0.304378 0.215099 0.17027 0.151234 0.152454 0.0188456 
-4.51642 -0.471743 -0.317359 0.213494 0.166582 0.149718 0.150886 0.0186519 
-4.47999 -0.485972 -0.329978 0.21191 0.162966 0.148229 0.149346 0.0184617 
-4.44408 -0.499781 -0.342246 0.210347 0.159422 0.146766 0.147833 0.0182748 
-4.40865 -0.513182 -0.354174 0.208804 0.155948 0.145328 0.146346 0.0180912 
-4.37371 -0.526188 -0.365772 0.20728 0.152541 0.143916 0.144885 0.0179108 
-4.33923 -0.53881 -0.37705 0.205776 0.1492 0.142528 0.14345 0.0177335 
-4.30522 -0.551062 -0.388018 0.204292 0.145923 0.141164 0.142039 0.0175593 
-4.27167 -0.562954 -0.398684 0.202826 0.142709 0.139823 0.140653 0.0173881 
-4.23855 -0.574496 -0.409058 0.201379 0.139556 0.138504 0.13929 0.0172198 
-4.20586 -0.585699 -0.419148 0.19995 0.136463 0.137208 0.13795 0.0170543 
-4.17361 -0.596574 -0.428962 0.198539 0.133427 0.135934 0.136633 0.0168916 
-4.14176 -0.60713 -0.438509 0.197145 0.130448 0.134681 0.135338 0.0167316 
-4.11032 -0.617376 -0.447796 0.195768 0.127524 0.133448 0.134064 0.0165743 
-4.07929 -0.627322 -0.456831 0.194409 0.124654 0.132236 0.132811 0.0164196 
-4.04864 -0.636977 -0.465621 0.193066 0.121837 0.131044 0.131579 0.0162674 
-4.01837 -0.646348 -0.474173 0.191739 0.11907 0.129871 0.130367 0.0161178 
-3.98849 -0.655445 -0.482494 0.190429 0.116353 0.128717 0.129175 0.0159705 
-3.95896 -0.664275 -0.490591 0.189134 0.113685 0.127582 0.128002 0.0158256 
-3.9298 -0.672847 -0.498469 0.187855 0.111064 0.126464 0.126848 0.0156831 
-3.901 -0.681167 -0.506136 0.186591 0.10849 0.125365 0.125713 0.0155429 
-3.87254 -0.689242 -0.513596 0.185342 0.105961 0.124283 0.124595 0.0154048 
-3.84442 -0.697081 -0.520856 0.184108 0.103476 0.123218 0.123495 0.015269 
-3.81663 -0.704689 -0.527922 0.182888 0.101034 0.12217 0.122413 0.0151353 
-3.78917 -0.712073 -0.534799 0.181682 0.0986347 0.121138 0.121347 0.0150037 
-3.76204 -0.71924 -0.541491 0.180491 0.0962761 0.120122 0.120298 0.0148741 
-3.73522 -0.726196 -0.548005 0.179313 0.0939576 0.119122 0.119265 0.0147465 
-3.7087 -0.732946 -0.554346 0.178149 0.0916782 0.118137 0.118248 0.0146209 
-3.68249 -0.739496 -0.560517 0.176998 0.0894371 0.117167 0.117247 0.0144973 
-3.65658 -0.745853 -0.566523 0.175861 0.0872335 0.116212 0.116261 0.0143755 
-3.63097 -0.752021 -0.57237 0.174736 0.0850663 0.115272 0.11529 0.0142555 
-3.60564 -0.758007 -0.578061 0.173624 0.0829348 0.114345 0.114333 0.0141374 
-3.58059 -0.763814 -0.583601 0.172525 0.0808382 0.113433 0.113391 0.0140211 
-3.55581 -0.769447 -0.588994 0.171437 0.0787757 0.112534 0.112463 0.0139065 
-3.53132 -0.774913 -0.594244 0.170362 0.0767464 0.111648 0.111549 0.0137936 
-3.50708 -0.780215 -0.599354 0.169299 0.0747497 0.110776 0.110649 0.0136823 
-3.48311 -0.785357 -0.604329 0.168248 0.0727849 0.109916 0.109761 0.0135727 
-3.4594 -0.790345 -0.609172 0.167208 0.0708511 0.109069 0.108887 0.0134647 
-3.43594 -0.795182 -0.613886 0.166179 0.0689477 0.108234 0.108025 0.0133583 
-3.41273 -0.799873 -0.618475 0.165162 0.0670741 0.107411 0.107176 0.0132534 
-3.38977 -0.804421 -0.622943 0.164156 0.0652295 0.1066 0.106339 0.0131501 
-3.36704 -0.808831 -0.627293 0.16316 0.0634134 0.105801 0.105514 0.0130482 
-3.34456 -0.813106 -0.631527 0.162175 0.0616251 0.105013 0.104701 0.0129478 
-3.3223 -0.817249 -0.635649 0.161201 0.059864 0.104236 0.1039 0.0128488 
-3.30027 -0.821266 -0.639661 0.160237 0.0581294 0.103471 0.10311 0.0127512 
-3.27847 -0.825158 -0.643568 0.159283 0.0564209 0.102716 0.102331 0.012655 
-3.25689 -0.828929 -0.64737 0.15834 0.0547379 0.101972 0.101563 0.0125602 
-3.23553 -0.832582 -0.651072 0.157406 0.0530797 0.101238 0.100806 0.0124667 
-3.21437 -0.836122 -0.654676 0.156482 0.0514459 0.100514 0.100059 0.0123745 
-3.19343 -0.839549 -0.658184 0.155567 0.049836 0.0998008 0.0993229 0.0122835 
-3.1727 -0.842869 -0.661599 0.154662 0.0482494 0.099097 0.0985968 0.0121938 
-3.15217 -0.846083 -0.664923 0.153766 0.0466856 0.098403 0.0978807 0.0121054 
-3.13184 -0.849194 -0.668159 0.15288 0.0451442 0.0977184 0.0971744 0.0120182 
-3.11171 -0.852206 -0.671308 0.152002 0.0436246 0.0970432 0.0964777 0.0119321 
-3.09177 -0.85512 -0.674374 0.151133 0.0421265 0.0963772 0.0957905 0.0118472 
-3.07202 -0.857939 -0.677358 0.150273 0.0406493 0.0957202 0.0951126 0.0117635 
-3.05245 -0.860666 -0.680263 0.149422 0.0391926 0.095072 0.0944438 0.0116809 
-3.03308 -0.863303 -0.68309 0.148579 0.0377559 0.0944325 0.0937839 0.0115994 
-3.01388 -0.865853 -0.685841 0.147745 0.036339 0.0938015 0.0931329 0.011519 
-2.99486 -0.868318 -0.688519 0.146919 0.0349413 0.093179 0.0924906 0.0114397 
-2.97602 -0.8707 -0.691125 0.146101 0.0335624 0.0925647 0.0918568 0.0113614 
-2.95735 -0.873001 -0.693661 0.145291 0.032202 0.0919586 0.0912313 0.0112842 
-2.93886 -0.875223 -0.696129 0.144489 0.0308597 0.0913604 0.090614 0.0112079 
-2.92053 -0.877369 -0.698531 0.143694 0.029535 0.0907701 0.0900049 0.0111327 
-2.90237 -0.879441 -0.700868 0.142908 0.0282277 0.0901875 0.0894037 0.0110585 
-2.88437 -0.88144 -0.703142 0.142129 0.0269373 0.0896124 0.0888103 0.0109852 
-2.86653 -0.883368 -0.705354 0.141357 0.0256636 0.0890449 0.0882246 0.0109128 
-2.84884 -0.885227 -0.707507 0.140593 0.0244061 0.0884846 0.0876464 0.0108414 
-2.83132 -0.887019 -0.709601 0.139836 0.0231646 0.0879316 0.0870757 0.0107709 
-2.81395 -0.888746 -0.711638 0.139086 0.0219387 0.0873857 0.0865122 0.0107014 
-2.79672 -0.890409 -0.71362 0.138343 0.0207281 0.0868468 0.085956 0.0106327 
-2.77965 -0.89201 -0.715548 0.137607 0.0195325 0.0863147 0.0854068 0.0105648 
-2.76273 -0.893551 -0.717424 0.136878 0.0183515 0.0857894 0.0848646 0.0104979 
-2.74595 -0.895033 -0.719247 0.136156 0.017185 0.0852708 0.0843292 0.0104318 
-2.72931 -0.896457 -0.721021 0.13544 0.0160325 0.0847587 0.0838006 0.0103665 
-2.71281 -0.897826 -0.722746 0.134731 0.0148938 0.0842531 0.0832786 0.010302 
-2.69645 -0.89914 -0.724424 0.134029 0.0137686 0.0837537 0.0827631 0.0102384 
-2.68023 -0.900401 -0.726055 0.133332 0.0126566 0.0832607 0.082254 0.0101755 
-2.66414 -0.901611 -0.72764 0.132642 0.0115577 0.0827738 0.0817512 0.0101134 
-2.64818 -0.90277 -0.729182 0.131959 0.0104714 0.0822929 0.0812547 0.0100521 
-2.63236 -0.90388 -0.730681 0.131281 0.00939758 0.081818 0.0807642 0.0099915 
-2.61666 -0.904942 -0.732138 0.130609 0.00833596 0.081349 0.0802798 0.00993168 
-2.60109 -0.905958 -0.733554 0.129944 0.00728629 0.0808857 0.0798013 0.00987259 
-2.58565 -0.906929 -0.73493 0.129284 0.00624833 0.0804281 0.0793286 0.00981422 
-2.57033 -0.907855 -0.736268 0.12863 0.00522184 0.0799761 0.0788617 0.00975656 
-2.55513 -0.908738 -0.737567 0.127981 0.00420659 0.0795297 0.0784005 0.0096996 
-2.54005 -0.909579 -0.73883 0.127339 0.00320235 0.0790886 0.0779448 0.00964333 
-2.52509 -0.910379 -0.740057 0.126701 0.00220889 0.078653 0.0774946 0.00958774 
-2.51024 -0.91114 -0.741248 0.12607 0.001226 0.0782226 0.0770498 0.00953281 
-2.49552 -0.911861 -0.742406 0.125443 0.000253466 0.0777974 0.0766103 0.00947854 
-2.4809 -0.912545 -0.74353 0.124822 -0.000708926 0.0773773 0.0761761 0.00942492 
-2.4664 -0.913192 -0.744622 0.124207 -0.00166138 0.0769622 0.0757471 0.00937194 
-2.45201 -0.913802 -0.745682 0.123596 -0.0026041 0.0765521 0.0753231 0.00931959 
-2.43773 -0.914378 -0.746711 0.12299 -0.00353729 0.076147 0.0749042 0.00926785 
-2.42355 -0.91492 -0.74771 0.12239 -0.00446113 0.0757466 0.0744901 0.00921673 
-2.40948 -0.915428 -0.748679 0.121794 -0.00537582 0.075351 0.074081 0.00916621 
-2.39552 -0.915904 -0.74962 0.121204 -0.00628155 0.0749601 0.0736767 0.00911628 
-2.38166 -0.916348 -0.750533 0.120618 -0.0071785 0.0745739 0.0732771 0.00906694 
-2.3679 -0.916761 -0.751419 0.120037 -0.00806684 0.0741922 0.0728821 0.00901817 
-2.35425 -0.917145 -0.752278 0.11946 -0.00894677 0.0738149 0.0724917 0.00896997 
-2.34069 -0.917499 -0.753111 0.118888 -0.00981844 0.0734421 0.0721059 0.00892233 
-2.32723 -0.917824 -0.75392 0.118321 -0.010682 0.0730737 0.0717245 0.00887524 
-2.31387 -0.918122 -0.754703 0.117758 -0.0115377 0.0727096 0.0713476 0.00882869 
-2.3006 -0.918392 -0.755463 0.1172 -0.0123857 0.0723498 0.070975 0.00878269 
-2.28743 -0.918636 -0.756199 0.116646 -0.013226 0.0719941 0.0706066 0.0087372 
-2.27435 -0.918855 -0.756912 0.116096 -0.0140589 0.0716425 0.0702425 0.00869225 
-2.26136 -0.919048 -0.757604 0.115551 -0.0148846 0.0712951 0.0698825 0.0086478 
-2.24847 -0.919216 -0.758273 0.11501 -0.0157031 0.0709516 0.0695266 0.00860386 
-2.23566 -0.919361 -0.758922 0.114473 -0.0165147 0.0706122 0.0691748 0.00856042 
-2.22294 -0.919482 -0.75955 0.11394 -0.0173194 0.0702766 0.068827 0.00851748 
-2.21031 -0.919581 -0.760157 0.113411 -0.0181175 0.0699449 0.0684831 0.00847502 
-2.19777 -0.919658 -0.760746 0.112885 -0.0189091 0.069617 0.068143 0.00843304 
-2.18531 -0.919713 -0.761315 0.112364 -0.0196942 0.0692929 0.0678069 0.00839153 
-2.17294 -0.919747 -0.761865 0.111847 -0.0204731 0.0689725 0.0674744 0.00835049 
-2.16064 -0.91976 -0.762398 0.111333 -0.0212459 0.0686557 0.0671458 0.00830991 
-2.14844 -0.919753 -0.762913 0.110824 -0.0220126 0.0683426 0.0668207 0.00826979 
-2.13631 -0.919727 -0.763411 0.110318 -0.0227736 0.068033 0.0664994 0.00823011 
-2.12426 -0.919682 -0.763892 0.109815 -0.0235288 0.067727 0.0661816 0.00819088 
-2.11229 -0.919618 -0.764356 0.109316 -0.0242784 0.0674244 0.0658673 0.00815208 
-2.1004 -0.919536 -0.764805 0.108821 -0.0250225 0.0671253 0.0655565 0.00811372 
-2.08859 -0.919437 -0.765238 0.108329 -0.0257613 0.0668296 0.0652492 0.00807578 
-2.07685 -0.91932 -0.765656 0.10784 -0.0264949 0.0665372 0.0649452 0.00803826 
-2.06519 -0.919186 -0.766059 0.107355 -0.0272234 0.0662481 0.0646447 0.00800115 
-2.05361 -0.919036 -0.766448 0.106873 -0.0279468 0.0659622 0.0643474 0.00796446 
-2.0421 -0.91887 -0.766823 0.106395 -0.0286654 0.0656796 0.0640534 0.00792816 
-2.03066 -0.918688 -0.767184 0.10592 -0.0293792 0.0654002 0.0637626 0.00789227 
-2.01929 -0.918491 -0.767532 0.105447 -0.0300884 0.0651239 0.063475 0.00785677 
-2.00799 -0.91828 -0.767867 0.104978 -0.030793 0.0648507 0.0631905 0.00782166 
-1.99677 -0.918053 -0.768189 0.104512 -0.0314932 0.0645806 0.0629092 0.00778693 
-1.98561 -0.917813 -0.768499 0.10405 -0.0321891 0.0643135 0.0626309 0.00775258 
-1.97452 -0.917558 -0.768797 0.10359 -0.0328808 0.0640494 0.0623557 0.00771861 
-1.9635 -0.917291 -0.769083 0.103133 -0.0335684 0.0637883 0.0620834 0.007685 
-1.95255 -0.91701 -0.769358 0.102679 -0.0342519 0.0635301 0.0618141 0.00765176 
-1.94166 -0.916716 -0.769622 0.102227 -0.0349316 0.0632747 0.0615477 0.00761889 
-1.93084 -0.916409 -0.769875 0.101779 -0.0356074 0.0630223 0.0612842 0.00758636 
-1.92008 -0.91609 -0.770117 0.101333 -0.0362795 0.0627726 0.0610235 0.00755419 
-1.90939 -0.915759 -0.77035 0.100891 -0.036948 0.0625258 0.0607656 0.00752237 
-1.89876 -0.915417 -0.770572 0.10045 -0.037613 0.0622816 0.0605106 0.00749089 
-1.88819 -0.915062 -0.770784 0.100013 -0.0382746 0.0620403 0.0602582 0.00745975 
-1.87768 -0.914697 -0.770987 0.0995776 -0.0389329 0.0618016 0.0600086 0.00742895 
-1.86724 -0.914321 -0.77118 0.0991451 -0.0395879 0.0615655 0.0597617 0.00739847 
-1.85685 -0.913934 -0.771365 0.0987151 -0.0402398 0.0613321 0.0595174 0.00736833 
-1.84653 -0.913536 -0.771541 0.0982876 -0.0408887 0.0611013 0.0592757 0.0073385 
-1.83626 -0.913128 -0.771708 0.0978625 -0.0415345 0.0608731 0.0590366 0.007309 
-1.82606 -0.91271 -0.771866 0.0974397 -0.0421775 0.0606474 0.0588001 0.00727981 
-1.81591 -0.912282 -0.772017 0.0970193 -0.0428178 0.0604242 0.0585661 0.00725094 
-1.80581 -0.911845 -0.772159 0.0966012 -0.0434553 0.0602035 0.0583346 0.00722237 
-1.79578 -0.911398 -0.772294 0.0961854 -0.0440902 0.0599853 0.0581055 0.00719411 
-1.7858 -0.910942 -0.772421 0.0957717 -0.0447226 0.0597695 0.0578789 0.00716616 
-1.77587 -0.910477 -0.772541 0.0953602 -0.0453525 0.0595561 0.0576547 0.0071385 
-1.766 -0.910002 -0.772654 0.0949509 -0.0459801 0.0593451 0.0574329 0.00711113 
-1.75619 -0.90952 -0.77276 0.0945437 -0.0466054 0.0591364 0.0572134 0.00708406 
-1.74642 -0.909028 -0.772858 0.0941385 -0.0472285 0.0589301 0.0569963 0.00705727 
-1.73671 -0.908528 -0.77295 0.0937353 -0.0478495 0.058726 0.0567815 0.00703077 
-1.72706 -0.90802 -0.773036 0.0933341 -0.0484684 0.0585243 0.056569 0.00700455 
-1.71745 -0.907504 -0.773115 0.0929348 -0.0490854 0.0583248 0.0563587 0.00697861 
-1.70789 -0.90698 -0.773188 0.0925374 -0.0497005 0.0581276 0.0561506 0.00695295 
-1.69839 -0.906447 -0.773255 0.0921418 -0.0503138 0.0579325 0.0559448 0.00692756 
-1.68894 -0.905908 -0.773316 0.0917481 -0.0509254 0.0577396 0.0557411 0.00690244 
-1.67953 -0.90536 -0.773371 0.0913562 -0.0515353 0.057549 0.0555396 0.00687759 
-1.67017 -0.904805 -0.77342 0.090966 -0.0521436 0.0573604 0.0553403 0.006853 
-1.66087 -0.904243 -0.773464 0.0905775 -0.0527505 0.057174 0.055143 0.00682867 
-1.65161 -0.903673 -0.773502 0.0901907 -0.0533559 0.0569897 0.0549478 0.0068046 
-1.64239 -0.903097 -0.773536 0.0898054 -0.0539599 0.0568074 0.0547547 0.00678078 
-1.63323 -0.902513 -0.773563 0.0894218 -0.0545627 0.0566272 0.0545636 0.00675722 
-1.62411 -0.901922 -0.773586 0.0890397 -0.0551643 0.0564491 0.0543746 0.00673391 
-1.61504 -0.901324 -0.773604 0.0886592 -0.0557647 0.0562729 0.0541876 0.00671085 
-1.60601 -0.90072 -0.773617 0.0882801 -0.056364 0.0560988 0.0540025 0.00668803 
-1.59703 -0.900108 -0.773625 0.0879024 -0.0569624 0.0559267 0.0538194 0.00666545 
-1.58809 -0.89949 -0.773629 0.0875261 -0.0575598 0.0557565 0.0536383 0.00664312 
-1.57919 -0.898866 -0.773628 0.0871512 -0.0581564 0.0555882 0.053459 0.00662102 
-1.57034 -0.898234 -0.773622 0.0867776 -0.0587522 0.0554219 0.0532817 0.00659916 
-1.56153 -0.897596 -0.773612 0.0864053 -0.0593473 0.0552575 0.0531063 0.00657753 
-1.55277 -0.896952 -0.773598 0.0860343 -0.0599418 0.055095 0.0529327 0.00655613 
-1.54404 -0.896301 -0.773579 0.0856644 -0.0605356 0.0549343 0.0527609 0.00653496 
-1.53536 -0.895644 -0.773556 0.0852957 -0.061129 0.0547755 0.052591 0.00651402 
-1.52672 -0.894981 -0.773529 0.0849281 -0.0617219 0.0546186 0.0524229 0.0064933 
-1.51812 -0.894311 -0.773498 0.0845617 -0.0623144 0.0544634 0.0522566 0.0064728 
-1.50957 -0.893635 -0.773463 0.0841963 -0.0629067 0.0543101 0.052092 0.00645252 
-1.50105 -0.892952 -0.773424 0.0838319 -0.0634987 0.0541585 0.0519292 0.00643246 
-1.49257 -0.892263 -0.773381 0.0834684 -0.0640905 0.0540088 0.0517682 0.00641261 
-1.48413 -0.891568 -0.773334 0.083106 -0.0646822 0.0538608 0.0516089 0.00639298 
-1.47573 -0.890867 -0.773283 0.0827444 -0.0652739 0.0537145 0.0514512 0.00637356 
-1.46736 -0.890159 -0.773228 0.0823837 -0.0658656 0.05357 0.0512953 0.00635434 
-1.45904 -0.889445 -0.77317 0.0820238 -0.0664575 0.0534271 0.0511411 0.00633534 
-1.45075 -0.888724 -0.773108 0.0816647 -0.0670494 0.053286 0.0509884 0.00631654 
-1.4425 -0.887998 -0.773042 0.0813063 -0.0676416 0.0531466 0.0508375 0.00629794 
-1.43429 -0.887265 -0.772972 0.0809487 -0.0682341 0.0530088 0.0506882 0.00627955 
-1.42611 -0.886525 -0.772899 0.0805917 -0.068827 0.0528727 0.0505404 0.00626135 
-1.41797 -0.88578 -0.772822 0.0802353 -0.0694203 0.0527383 0.0503943 0.00624336 
-1.40987 -0.885027 -0.772742 0.0798795 -0.070014 0.0526054 0.0502498 0.00622555 
-1.4018 -0.884269 -0.772657 0.0795243 -0.0706084 0.0524742 0.0501068 0.00620795 
-1.39376 -0.883503 -0.772569 0.0791696 -0.0712033 0.0523446 0.0499654 0.00619053 
-1.38576 -0.882731 -0.772478 0.0788154 -0.071799 0.0522166 0.0498255 0.00617331 
-1.3778 -0.881953 -0.772383 0.0784616 -0.0723954 0.0520902 0.0496872 0.00615628 
-1.36987 -0.881168 -0.772284 0.0781081 -0.0729926 0.0519653 0.0495503 0.00613943 
-1.36197 -0.880376 -0.772182 0.0777551 -0.0735907 0.051842 0.049415 0.00612277 
-1.35411 -0.879577 -0.772076 0.0774023 -0.0741897 0.0517202 0.0492812 0.0061063 
-1.34628 -0.878771 -0.771966 0.0770498 -0.0747898 0.0516 0.0491488 0.00609 
-1.33848 -0.877959 -0.771852 0.0766975 -0.075391 0.0514813 0.0490179 0.00607389 
-1.33071 -0.877139 -0.771735 0.0763454 -0.0759933 0.0513641 0.0488884 0.00605796 
-1.32298 -0.876312 -0.771614 0.0759935 -0.0765968 0.0512485 0.0487604 0.00604221 
-1.31528 -0.875478 -0.77149 0.0756416 -0.0772016 0.0511343 0.0486338 0.00602663 
-1.30761 -0.874636 -0.771361 0.0752898 -0.0778078 0.0510215 0.0485086 0.00601123 
-1.29997 -0.873787 -0.771229 0.074938 -0.0784153 0.0509103 0.0483848 0.005996 
-1.29236 -0.872931 -0.771092 0.0745861 -0.0790244 0.0508005 0.0482625 0.00598095 
-1.28478 -0.872067 -0.770952 0.0742342 -0.079635 0.0506922 0.0481415 0.00596606 
-1.27723 -0.871195 -0.770808 0.0738822 -0.0802472 0.0505853 0.0480218 0.00595135 
-1.26971 -0.870315 -0.770659 0.0735299 -0.0808612 0.0504799 0.0479035 0.00593681 
-1.26222 -0.869427 -0.770507 0.0731775 -0.0814768 0.0503758 0.0477866 0.00592243 
-1.25476 -0.868531 -0.77035 0.0728248 -0.0820943 0.0502732 0.047671 0.00590822 
-1.24733 -0.867626 -0.770189 0.0724718 -0.0827137 0.050172 0.0475567 0.00589417 
-1.23993 -0.866713 -0.770024 0.0721185 -0.0833351 0.0500722 0.0474438 0.00588028 
-1.23256 -0.865792 -0.769854 0.0717647 -0.0839585 0.0499738 0.0473321 0.00586656 
-1.22521 -0.864861 -0.76968 0.0714105 -0.084584 0.0498767 0.0472218 0.005853 
-1.2179 -0.863922 -0.769501 0.0710558 -0.0852116 0.0497811 0.0471127 0.0058396 
-1.21061 -0.862973 -0.769318 0.0707005 -0.0858416 0.0496868 0.0470049 0.00582636 
-1.20334 -0.862015 -0.769129 0.0703447 -0.0864738 0.0495938 0.0468984 0.00581327 
-1.19611 -0.861048 -0.768936 0.0699882 -0.0871084 0.0495022 0.0467932 0.00580035 
-1.1889 -0.860071 -0.768738 0.069631 -0.0877455 0.049412 0.0466892 0.00578757 
-1.18172 -0.859084 -0.768535 0.069273 -0.0883851 0.0493231 0.0465864 0.00577495 
-1.17456 -0.858087 -0.768327 0.0689142 -0.0890273 0.0492355 0.0464849 0.00576249 
-1.16743 -0.85708 -0.768113 0.0685546 -0.0896722 0.0491492 0.0463845 0.00575017 
-1.16033 -0.856063 -0.767894 0.0681941 -0.0903199 0.0490643 0.0462854 0.00573801 
-1.15325 -0.855034 -0.76767 0.0678326 -0.0909703 0.0489806 0.0461875 0.005726 
-1.1462 -0.853995 -0.76744 0.0674701 -0.0916237 0.0488983 0.0460909 0.00571413 
-1.13917 -0.852944 -0.767203 0.0671065 -0.0922801 0.0488172 0.0459953 0.00570242 
-1.13217 -0.851882 -0.766961 0.0667417 -0.0929396 0.0487375 0.045901 0.00569085 
-1.12519 -0.850809 -0.766713 0.0663758 -0.0936021 0.048659 0.0458079 0.00567942 
-1.11824 -0.849723 -0.766459 0.0660086 -0.0942679 0.0485818 0.0457159 0.00566815 
-1.11131 -0.848626 -0.766198 0.0656402 -0.094937 0.0485059 0.0456251 0.00565701 
-1.1044 -0.847515 -0.76593 0.0652703 -0.0956095 0.0484312 0.0455354 0.00564602 
-1.09752 -0.846393 -0.765656 0.064899 -0.0962855 0.0483578 0.0454469 0.00563517 
-1.09066 -0.845257 -0.765375 0.0645262 -0.0969649 0.0482857 0.0453595 0.00562447 
-1.08382 -0.844107 -0.765087 0.0641518 -0.097648 0.0482148 0.0452733 0.0056139 
-1.07701 -0.842945 -0.764791 0.0637759 -0.0983349 0.0481452 0.0451881 0.00560348 
-1.07022 -0.841768 -0.764488 0.0633982 -0.0990255 0.0480768 0.0451041 0.00559319 
-1.06345 -0.840577 -0.764177 0.0630188 -0.09972 0.0480097 0.0450212 0.00558304 
-1.05671 -0.839371 -0.763858 0.0626375 -0.100418 0.0479437 0.0449394 0.00557303 
-1.04999 -0.83815 -0.763531 0.0622544 -0.101121 0.0478791 0.0448587 0.00556316 
-1.04328 -0.836915 -0.763196 0.0618693 -0.101828 0.0478156 0.0447791 0.00555342 
-1.0366 -0.835663 -0.762852 0.0614821 -0.102538 0.0477534 0.0447006 0.00554382 
-1.02995 -0.834396 -0.762499 0.0610928 -0.103254 0.0476924 0.0446232 0.00553435 
-1.02331 -0.833112 -0.762138 0.0607014 -0.103973 0.0476326 0.0445468 0.00552502 
-1.01669 -0.831811 -0.761767 0.0603077 -0.104697 0.047574 0.0444715 0.00551582 
-1.0101 -0.830494 -0.761386 0.0599117 -0.105426 0.0475166 0.0443973 0.00550675 
-1.00353 -0.829158 -0.760995 0.0595132 -0.10616 0.0474605 0.0443241 0.00549782 
-0.996972 -0.827805 -0.760595 0.0591122 -0.106898 0.0474055 0.044252 0.00548902 
-0.990438 -0.826433 -0.760184 0.0587087 -0.107641 0.0473518 0.0441809 0.00548034 
-0.983925 -0.825043 -0.759762 0.0583025 -0.108389 0.0472992 0.0441109 0.0054718 
-0.977431 -0.823633 -0.759329 0.0578936 -0.109142 0.0472479 0.0440419 0.00546339 
-0.970958 -0.822203 -0.758885 0.0574818 -0.109901 0.0471977 0.043974 0.0054551 
-0.964503 -0.820754 -0.758429 0.0570671 -0.110665 0.0471488 0.043907 0.00544695 
-0.958068 -0.819283 -0.757961 0.0566494 -0.111434 0.047101 0.0438411 0.00543892 
-0.951652 -0.817791 -0.757481 0.0562286 -0.112209 0.0470545 0.0437762 0.00543102 
-0.945256 -0.816278 -0.756988 0.0558046 -0.112989 0.0470091 0.0437124 0.00542325 
-0.938877 -0.814742 -0.756483 0.0553773 -0.113775 0.0469649 0.0436495 0.0054156 
-0.932518 -0.813183 -0.755964 0.0549466 -0.114567 0.0469219 0.0435877 0.00540808 
-0.926177 -0.811601 -0.755431 0.0545124 -0.115365 0.0468801 0.0435268 0.00540068 
-0.919853 -0.809995 -0.754884 0.0540746 -0.116169 0.0468395 0.043467 0.00539341 
-0.913549 -0.808365 -0.754322 0.0536332 -0.116979 0.0468 0.0434081 0.00538627 
-0.907261 -0.806709 -0.753745 0.0531879 -0.117796 0.0467618 0.0433503 0.00537925 
-0.900992 -0.805028 -0.753153 0.0527387 -0.118619 0.0467247 0.0432934 0.00537235 
-0.89474 -0.80332 -0.752545 0.0522855 -0.119448 0.0466888 0.0432375 0.00536557 
-0.888506 -0.801586 -0.751921 0.0518281 -0.120284 0.0466541 0.0431826 0.00535892 
-0.882288 -0.799823 -0.75128 0.0513665 -0.121127 0.0466206 0.0431287 0.00535239 
-0.876088 -0.798032 -0.750622 0.0509004 -0.121977 0.0465883 0.0430757 0.00534598 
-0.869904 -0.796212 -0.749946 0.0504299 -0.122835 0.0465572 0.0430237 0.0053397 
-0.863738 -0.794363 -0.749252 0.0499548 -0.123699 0.0465273 0.0429727 0.00533354 
-0.857587 -0.792482 -0.748539 0.0494749 -0.124571 0.0464985 0.0429227 0.00532749 
-0.851453 -0.790571 -0.747806 0.0489901 -0.12545 0.046471 0.0428736 0.00532157 
-0.845336 -0.788627 -0.747054 0.0485003 -0.126337 0.0464446 0.0428255 0.00531577 
-0.839234 -0.78665 -0.746281 0.0480054 -0.127231 0.0464194 0.0427783 0.00531009 
-0.833148 -0.78464 -0.745488 0.0475051 -0.128134 0.0463955 0.0427321 0.00530453 
-0.827078 -0.782595 -0.744672 0.0469994 -0.129045 0.0463727 0.0426869 0.0052991 
-0.821023 -0.780515 -0.743834 0.0464881 -0.129964 0.0463512 0.0426426 0.00529378 
-0.814984 -0.778398 -0.742974 0.0459711 -0.130891 0.0463308 0.0425992 0.00528858 
-0.808961 -0.776244 -0.742089 0.0454481 -0.131827 0.0463117 0.0425568 0.0052835 
-0.802952 -0.774052 -0.741181 0.0449191 -0.132772 0.0462937 0.0425154 0.00527853 
-0.796958 -0.771821 -0.740248 0.0443839 -0.133726 0.046277 0.0424749 0.00527369 
-0.790979 -0.769549 -0.739288 0.0438422 -0.134688 0.0462615 0.0424353 0.00526897 
-0.785015 -0.767236 -0.738303 0.043294 -0.13566 0.0462473 0.0423967 0.00526437 
-0.779065 -0.764881 -0.73729 0.0427391 -0.136642 0.0462342 0.0423591 0.00525988 
-0.77313 -0.762483 -0.736249 0.0421772 -0.137633 0.0462224 0.0423223 0.00525552 
-0.767209 -0.760041 -0.735179 0.0416082 -0.138634 0.0462118 0.0422865 0.00525127 
-0.761302 -0.757552 -0.73408 0.0410319 -0.139644 0.0462025 0.0422517 0.00524714 
-0.755409 -0.755017 -0.73295 0.0404481 -0.140665 0.0461944 0.0422178 0.00524313 
-0.749529 -0.752434 -0.731789 0.0398566 -0.141697 0.0461876 0.0421848 0.00523924 
-0.743664 -0.749802 -0.730595 0.0392572 -0.142739 0.046182 0.0421528 0.00523546 
-0.737812 -0.74712 -0.729368 0.0386496 -0.143791 0.0461777 0.0421217 0.00523181 
-0.731973 -0.744385 -0.728107 0.0380337 -0.144855 0.0461746 0.0420915 0.00522827 
-0.726148 -0.741598 -0.726811 0.0374092 -0.14593 0.0461729 0.0420623 0.00522486 
-0.720335 -0.738755 -0.725478 0.0367759 -0.147016 0.0461724 0.042034 0.00522156 
-0.714536 -0.735857 -0.724107 0.0361335 -0.148114 0.0461732 0.0420067 0.00521838 
-0.70875 -0.732902 -0.722699 0.0354819 -0.149224 0.0461753 0.0419803 0.00521532 
-0.702976 -0.729887 -0.72125 0.0348206 -0.150346 0.0461787 0.0419548 0.00521238 
-0.697215 -0.726812 -0.719761 0.0341496 -0.151481 0.0461835 0.0419303 0.00520956 
-0.691466 -0.723675 -0.71823 0.0334685 -0.152628 0.0461895 0.0419067 0.00520685 
-0.68573 -0.720475 -0.716655 0.032777 -0.153788 0.0461969 0.0418841 0.00520427 
-0.680006 -0.717208 -0.715036 0.0320749 -0.154961 0.0462056 0.0418624 0.00520181 
-0.674294 -0.713875 -0.713371 0.0313619 -0.156147 0.0462157 0.0418416 0.00519947 
-0.668593 -0.710472 -0.711659 0.0306376 -0.157347 0.0462271 0.0418218 0.00519725 
-0.662905 -0.706999 -0.709898 0.0299017 -0.158561 0.0462399 0.0418029 0.00519514 
-0.657229 -0.703452 -0.708086 0.0291539 -0.159789 0.0462541 0.041785 0.00519316 
-0.651564 -0.699831 -0.706223 0.028394 -0.161032 0.0462697 0.041768 0.0051913 
-0.64591 -0.696133 -0.704307 0.0276215 -0.16229 0.0462867 0.041752 0.00518957 
-0.640268 -0.692356 -0.702335 0.026836 -0.163563 0.0463051 0.041737 0.00518795 
-0.634637 -0.688498 -0.700308 0.0260373 -0.164851 0.0463249 0.0417229 0.00518646 
-0.629017 -0.684557 -0.698221 0.025225 -0.166155 0.0463462 0.0417097 0.00518509 
-0.623408 -0.68053 -0.696075 0.0243986 -0.167475 0.0463689 0.0416975 0.00518384 
-0.61781 -0.676415 -0.693866 0.0235577 -0.168812 0.0463931 0.0416863 0.00518272 
-0.612222 -0.672209 -0.691594 0.022702 -0.170165 0.0464188 0.0416761 0.00518172 
-0.606646 -0.667911 -0.689256 0.021831 -0.171535 0.046446 0.0416668 0.00518085 
-0.601079 -0.663517 -0.68685 0.0209443 -0.172924 0.0464747 0.0416585 0.0051801 
-0.595524 -0.659024 -0.684373 0.0200413 -0.17433 0.0465049 0.0416512 0.00517948 
-0.589978 -0.654431 -0.681825 0.0191217 -0.175754 0.0465367 0.0416449 0.00517898 
-0.584442 -0.649733 -0.679202 0.0181849 -0.177197 0.0465701 0.0416395 0.00517861 
-0.578917 -0.644928 -0.676502 0.0172305 -0.178659 0.046605 0.0416352 0.00517837 
-0.573402 -0.640014 -0.673722 0.0162578 -0.180141 0.0466415 0.0416318 0.00517826 
-0.567896 -0.634986 -0.670861 0.0152664 -0.181642 0.0466797 0.0416294 0.00517827 
-0.5624 -0.629842 -0.667915 0.0142557 -0.183165 0.0467194 0.0416281 0.00517842 
-0.556913 -0.624577 -0.664882 0.0132251 -0.184708 0.0467609 0.0416278 0.0051787 
-0.551437 -0.61919 -0.661759 0.012174 -0.186272 0.046804 0.0416284 0.00517911 
-0.545969 -0.613675 -0.658543 0.0111017 -0.187858 0.0468489 0.0416301 0.00517965 
-0.540511 -0.60803 -0.655231 0.0100077 -0.189467 0.0468954 0.0416329 0.00518033 
-0.535062 -0.60225 -0.651819 0.00889121 -0.191099 0.0469438 0.0416366 0.00518114 
-0.529622 -0.596331 -0.648306 0.00775155 -0.192754 0.0469938 0.0416414 0.00518209 
-0.52419 -0.590269 -0.644686 0.006588 -0.194433 0.0470457 0.0416473 0.00518317 
-0.518768 -0.58406 -0.640957 0.0053998 -0.196136 0.0470995 0.0416542 0.00518439 
-0.513355 -0.5777 -0.637116 0.00418616 -0.197865 0.0471551 0.0416622 0.00518575 
-0.50795 -0.571183 -0.633157 0.00294627 -0.199619 0.0472125 0.0416713 0.00518725 
-0.502553 -0.564505 -0.629078 0.00167927 -0.2014 0.0472719 0.0416814 0.00518889 
-0.497165 -0.557661 -0.624874 0.000384293 -0.203208 0.0473332 0.0416926 0.00519067 
-0.491786 -0.550646 -0.620541 -0.000939595 -0.205044 0.0473965 0.0417049 0.0051926 
-0.486414 -0.543454 -0.616074 -0.00229334 -0.206908 0.0474619 0.0417183 0.00519467 
-0.481051 -0.53608 -0.611469 -0.00367795 -0.208801 0.0475292 0.0417329 0.00519689 
-0.475695 -0.528518 -0.606722 -0.00509445 -0.210724 0.0475987 0.0417486 0.00519926 
-0.470348 -0.520763 -0.601826 -0.00654392 -0.212678 0.0476702 0.0417654 0.00520178 
-0.465008 -0.512807 -0.596778 -0.00802749 -0.214663 0.047744 0.0417833 0.00520445 
-0.459676 -0.504645 -0.591571 -0.00954633 -0.21668 0.0478199 0.0418024 0.00520727 
-0.454352 -0.49627 -0.586199 -0.0111017 -0.21873 0.047898 0.0418227 0.00521025 
-0.449035 -0.487674 -0.580658 -0.0126948 -0.220815 0.0479785 0.0418442 0.00521338 
-0.443726 -0.478852 -0.574941 -0.014327 -0.222934 0.0480612 0.0418668 0.00521667 
-0.438424 -0.469794 -0.569041 -0.0159997 -0.225089 0.0481464 0.0418907 0.00522013 
-0.433129 -0.460493 -0.562952 -0.0177144 -0.22728 0.0482339 0.0419158 0.00522374 
-0.427841 -0.450942 -0.556667 -0.0194726 -0.22951 0.048324 0.0419421 0.00522753 
-0.42256 -0.441131 -0.550178 -0.0212758 -0.231778 0.0484165 0.0419697 0.00523148 
-0.417286 -0.431053 -0.543478 -0.0231257 -0.234087 0.0485117 0.0419985 0.00523559 
-0.412019 -0.420696 -0.53656 -0.0250242 -0.236436 0.0486095 0.0420286 0.00523988 
-0.406759 -0.410053 -0.529414 -0.0269729 -0.238828 0.04871 0.0420601 0.00524435 
-0.401506 -0.399113 -0.522032 -0.0289739 -0.241263 0.0488132 0.0420928 0.00524899 
-0.396258 -0.387865 -0.514405 -0.0310291 -0.243742 0.0489193 0.0421269 0.00525382 
-0.391018 -0.3763 -0.506524 -0.0331406 -0.246268 0.0490283 0.0421623 0.00525882 
-0.385784 -0.364404 -0.498378 -0.0353107 -0.248842 0.0491402 0.0421991 0.00526401 
-0.380556 -0.352168 -0.489957 -0.0375417 -0.251464 0.0492552 0.0422373 0.0052694 
-0.375334 -0.339577 -0.48125 -0.0398359 -0.254136 0.0493733 0.0422769 0.00527497 
-0.370118 -0.32662 -0.472247 -0.0421961 -0.256861 0.0494946 0.042318 0.00528074 
-0.364908 -0.313282 -0.462933 -0.0446248 -0.259639 0.0496192 0.0423605 0.00528671 
-0.359704 -0.299551 -0.453298 -0.047125 -0.262472 0.0497472 0.0424045 0.00529288 
-0.354506 -0.28541 -0.443328 -0.0496996 -0.265362 0.0498786 0.04245 0.00529926 
-0.349314 -0.270844 -0.433009 -0.0523517 -0.268311 0.0500136 0.042497 0.00530586 
-0.344127 -0.255838 -0.422325 -0.0550848 -0.271321 0.0501523 0.0425456 0.00531266 
-0.338946 -0.240374 -0.411263 -0.0579024 -0.274393 0.0502948 0.0425958 0.00531969 
-0.333771 -0.224435 -0.399805 -0.0608081 -0.277531 0.0504411 0.0426476 0.00532695 
-0.3286 -0.208002 -0.387935 -0.0638059 -0.280735 0.0505915 0.0427011 0.00533443 
-0.323435 -0.191055 -0.375635 -0.0669 -0.284009 0.050746 0.0427563 0.00534215 
-0.318275 -0.173573 -0.362885 -0.0700947 -0.287355 0.0509048 0.0428132 0.00535011 
-0.313121 -0.155536 -0.349666 -0.0733948 -0.290775 0.051068 0.0428718 0.00535832 
-0.307971 -0.136921 -0.335956 -0.0768052 -0.294272 0.0512357 0.0429322 0.00536678 
-0.302826 -0.117703 -0.321733 -0.0803312 -0.297849 0.0514082 0.0429945 0.0053755 
-0.297686 -0.0978586 -0.306974 -0.0839784 -0.301508 0.0515856 0.0430587 0.00538449 
-0.292551 -0.0773604 -0.291654 -0.0877527 -0.305254 0.051768 0.0431248 0.00539375 
-0.28742 -0.056181 -0.275746 -0.0916605 -0.309089 0.0519556 0.0431928 0.00540329 
-0.282294 -0.0342911 -0.259222 -0.0957085 -0.313016 0.0521487 0.0432629 0.00541312 
-0.277173 -0.01166 -0.242053 -0.0999039 -0.317039 0.0523474 0.043335 0.00542325 
-0.272056 0.0117447 -0.224207 -0.104255 -0.321162 0.052552 0.0434092 0.00543368 
-0.266943 0.0359574 -0.205651 -0.108768 -0.325389 0.0527627 0.0434857 0.00544443 
-0.261834 0.0610141 -0.186349 -0.113455 -0.329724 0.0529797 0.0435643 0.00545551 
-0.25673 0.086953 -0.166264 -0.118322 -0.334173 0.0532033 0.0436453 0.00546692 
-0.25163 0.113815 -0.145355 -0.123382 -0.338738 0.0534338 0.0437286 0.00547868 
-0.246533 0.141641 -0.12358 -0.128644 -0.343426 0.0536715 0.0438144 0.00549079 
-0.241441 0.170479 -0.100893 -0.134121 -0.348242 0.0539167 0.0439027 0.00550329 
-0.236352 0.200374 -0.0772462 -0.139825 -0.353191 0.0541698 0.0439935 0.00551616 
-0.231267 0.231378 -0.0525867 -0.145769 -0.35828 0.0544311 0.0440871 0.00552944 
-0.226186 0.263545 -0.0268592 -0.151969 -0.363515 0.054701 0.0441834 0.00554314 
-0.221108 0.296931 -4.60957e-06 -0.15844 -0.368902 0.05498 0.0442825 0.00555726 
-0.216034 0.331597 0.0280408 -0.1652 -0.374449 0.0552685 0.0443847 0.00557184 
-0.210964 0.367607 0.0573453 -0.172267 -0.380165 0.0555669 0.0444898 0.00558689 
-0.205896 0.405028 0.0879818 -0.179662 -0.386056 0.055876 0.0445982 0.00560243 
-0.200832 0.443933 0.120029 -0.187407 -0.392132 0.0561961 0.0447099 0.00561849 
-0.195771 0.484399 0.153571 -0.195527 -0.398402 0.056528 0.0448249 0.00563508 
-0.190713 0.526507 0.188699 -0.204047 -0.404877 0.0568724 0.0449436 0.00565224 
-0.185658 0.570342 0.225511 -0.212998 -0.411568 0.0572299 0.045066 0.00566999 
-0.180606 0.615998 0.264112 -0.222411 -0.418485 0.0576014 0.0451923 0.00568836 
-0.175557 0.663572 0.304616 -0.232321 -0.425643 0.0579878 0.0453226 0.00570739 
-0.17051 0.713165 0.347146 -0.242768 -0.433053 0.0583902 0.0454571 0.00572712 
-0.165466 0.764889 0.391835 -0.253795 -0.440732 0.0588094 0.0455962 0.00574758 
-0.160425 0.818858 0.438826 -0.26545 -0.448694 0.0592469 0.0457398 0.00576882 
-0.155386 0.875195 0.488274 -0.277786 -0.456958 0.0597038 0.0458884 0.0057909 
-0.15035 0.934026 0.540347 -0.290864 -0.46554 0.0601817 0.0460421 0.00581386 
-0.145316 0.995488 0.595227 -0.304749 -0.474462 0.0606822 0.0462013 0.00583776 
-0.140284 1.05972 0.65311 -0.319518 -0.483745 0.0612071 0.0463662 0.00586268 
-0.135255 1.12686 0.714207 -0.335256 -0.493413 0.0617585 0.0465371 0.00588869 
-0.130228 1.19706 0.778746 -0.352059 -0.503489 0.0623387 0.0467145 0.00591587 
-0.125202 1.27046 0.84697 -0.370036 -0.514003 0.0629504 0.0468986 0.00594434 
-0.120179 1.34722 0.91914 -0.389314 -0.524982 0.0635966 0.0470899 0.00597418 
-0.115157 1.42745 0.995532 -0.410036 -0.536458 0.0642807 0.0472888 0.00600555 
-0.110138 1.51127 1.07643 -0.432368 -0.548465 0.0650067 0.0474958 0.00603858 
-0.10512 1.59878 1.16214 -0.4565 -0.561035 0.0657791 0.0477113 0.00607344 
-0.100103 1.69001 1.25295 -0.482657 -0.574203 0.0666032 0.0479356 0.00611035 
-0.0950886 1.78491 1.34913 -0.511096 -0.588003 0.0674851 0.048169 0.00614953 
-0.0900753 1.88337 1.45095 -0.542121 -0.602463 0.0684319 0.0484117 0.00619129 
-0.0850634 1.98505 1.55856 -0.576085 -0.617603 0.0694517 0.0486634 0.00623598 
-0.0800528 2.08942 1.67202 -0.613401 -0.633426 0.0705539 0.048923 0.00628401 
-0.0750435 2.19558 1.79117 -0.654551 -0.649907 0.0717494 0.0491885 0.00633593 
-0.0700354 2.30211 1.91551 -0.70009 -0.666972 0.0730498 0.0494558 0.00639237 
-0.0650283 2.40682 2.04401 -0.750646 -0.684463 0.0744678 0.0497177 0.00645418 
-0.0600222 2.50638 2.17479 -0.806908 -0.70209 0.0760154 0.0499614 0.00652238 
-0.0550171 2.59582 2.30466 -0.869588 -0.719343 0.0777021 0.0501652 0.00659826 
-0.0500128 2.66771 2.42839 -0.939325 -0.735362 0.0795298 0.0502931 0.00668342 
-0.0450093 2.71112 2.53768 -1.0165 -0.748731 0.0814848 0.0502854 0.0067798 
-0.0400065 2.71013 2.6196 -1.1009 -0.75717 0.0835233 0.0500454 0.00688961 
-0.0350043 2.6421 2.65462 -1.19106 -0.757104 0.0855461 0.0494202 0.00701511 
-0.0300027 2.47609 2.61431 -1.28326 -0.743129 0.087361 0.0481757 0.00715804 
-0.0250016 2.17272 2.45988 -1.36997 -0.707536 0.0886311 0.0459733 0.00731832 
-0.0200008 1.68853 2.14398 -1.43811 -0.64038 0.088824 0.0423687 0.00749195 
-0.0150003 0.989153 1.62055 -1.46808 -0.531041 0.087207 0.0368745 0.00766796 
-0.0100001 0.0744353 0.867355 -1.43603 -0.372437 0.0829765 0.0291424 0.00782613 
-0.005 -0.992009 -0.0825113 -1.32198 -0.167628 0.0755942 0.0192582 0.00793879 
9.96071e-17 -2.07479 -1.1224 -1.1224 0.0652318 0.0652318 0.00797997 0.00797997 
0.005 -3.00714 -2.09764 -0.858172 0.296178 0.0529553 -0.00338066 0.00793879 
0.0100001 -3.66414 -2.87122 -0.567835 0.495758 0.0403439 -0.0134901 0.00782613 
0.0150003 -4.01002 -3.37862 -0.289993 0.647042 0.0287939 -0.0215386 0.00766796 
0.0200008 -4.08698 -3.63153 -0.0494514 0.748275 0.0190706 -0.0273848 0.00749195 
0.0250016 -3.97196 -3.68479 0.145056 0.807488 0.0113211 -0.0313367 0.00731832 
0.0300027 -3.74012 -3.60189 0.295685 0.835815 0.00532567 -0.0338596 0.00715804 
0.0350043 -3.44878 -3.43626 0.409425 0.843386 0.000735865 -0.03539 0.00701511 
0.0400065 -3.13581 -3.22634 0.494171 0.837905 -0.00278832 -0.0362662 0.00688961 
0.0450093 -2.82383 -2.99727 0.556915 0.824689 -0.00552632 -0.0367258 0.0067798 
0.0500128 -2.52517 -2.76448 0.603239 0.807202 -0.00768963 -0.0369263 0.00668342 
0.0550171 -2.24572 -2.53688 0.637368 0.787613 -0.00943187 -0.0369687 0.00659826 
0.0600222 -1.98769 -2.31928 0.662425 0.767243 -0.0108625 -0.0369166 0.00652238 
0.0650283 -1.75116 -2.11397 0.680689 0.746872 -0.0120592 -0.0368093 0.00645418 
0.0700354 -1.53517 -1.92178 0.693826 0.726945 -0.0130771 -0.0366711 0.00639237 
0.0750435 -1.33825 -1.74266 0.703057 0.707701 -0.0139557 -0.0365166 0.00633593 
0.0800528 -1.15874 -1.57614 0.70928 0.689256 -0.014724 -0.036355 0.00628401 
0.0850634 -0.994987 -1.42148 0.713169 0.671651 -0.0154031 -0.0361914 0.00623598 
0.0900753 -0.845425 -1.27784 0.715227 0.654886 -0.016009 -0.0360291 0.00619129 
0.0950886 -0.70861 -1.14439 0.715841 0.638934 -0.0165539 -0.03587 0.00614953 
0.100103 -0.58324 -1.0203 0.715306 0.623759 -0.0170472 -0.0357149 0.00611035 
0.10512 -0.468149 -0.904789 0.713852 0.609318 -0.0174965 -0.0355644 0.00607344 
0.110138 -0.362301 -0.797141 0.711661 0.595564 -0.0179078 -0.0354187 0.00603858 
0.115157 -0.264778 -0.696693 0.708876 0.582453 -0.0182859 -0.0352777 0.00600555 
0.120179 -0.174768 -0.602843 0.705612 0.569944 -0.0186348 -0.0351415 0.00597418 
0.125202 -0.0915511 -0.515045 0.701961 0.557995 -0.0189581 -0.0350099 0.00594434 
0.130228 -0.0144908 -0.432804 0.698 0.54657 -0.0192585 -0.0348827 0.00591587 
0.135255 0.0569783 -0.355674 0.693789 0.535633 -0.0195384 -0.0347597 0.00588869 
0.140284 0.123358 -0.283249 0.68938 0.525153 -0.0197999 -0.0346408 0.00586268 
0.145316 0.185096 -0.215164 0.684813 0.5151 -0.0200449 -0.0345258 0.00583776 
0.15035 0.242592 -0.151087 0.680124 0.505447 -0.0202748 -0.0344144 0.00581386 
0.155386 0.296202 -0.0907185 0.675342 0.49617 -0.0204912 -0.0343066 0.0057909 
0.160425 0.346247 -0.0337855 0.670491 0.487246 -0.0206951 -0.0342022 0.00576882 
0.165466 0.393014 0.0199601 0.66559 0.478654 -0.0208877 -0.034101 0.00574758 
0.17051 0.436763 0.0707438 0.660659 0.470374 -0.0210699 -0.0340029 0.00572712 
0.175557 0.477727 0.118772 0.655709 0.462388 -0.0212425 -0.0339078 0.00570739 
0.180606 0.516118 0.164232 0.650755 0.45468 -0.0214064 -0.0338155 0.00568836 
0.185658 0.552128 0.207296 0.645805 0.447235 -0.0215621 -0.033726 0.00566999 
0.190713 0.58593 0.248123 0.640869 0.440039 -0.0217104 -0.0336391 0.00565224 
0.195771 0.617684 0.286856 0.635954 0.433079 -0.0218517 -0.0335548 0.00563508 
0.200832 0.647534 0.32363 0.631066 0.426341 -0.0219866 -0.0334729 0.00561849 
0.205896 0.675612 0.358566 0.62621 0.419816 -0.0221156 -0.0333933 0.00560243 
0.210964 0.702039 0.391778 0.62139 0.413493 -0.0222389 -0.033316 0.00558689 
0.216034 0.726926 0.423369 0.61661 0.407361 -0.0223572 -0.033241 0.00557184 
0.221108 0.750373 0.453438 0.611873 0.401411 -0.0224706 -0.033168 0.00555726 
0.226186 0.772476 0.482072 0.607182 0.395636 -0.0225795 -0.0330971 0.00554314 
0.231267 0.79332 0.509355 0.602537 0.390027 -0.0226842 -0.0330282 0.00552944 
0.236352 0.812984 0.535364 0.597942 0.384576 -0.0227849 -0.0329612 0.00551616 
0.241441 0.831541 0.56017 0.593397 0.379276 -0.022882 -0.0328961 0.00550329 
0.246533 0.849061 0.583839 0.588903 0.374122 -0.0229757 -0.0328328 0.00549079 
0.25163 0.865604 0.606435 0.584462 0.369106 -0.0230661 -0.0327713 0.00547868 
0.25673 0.881231 0.628014 0.580072 0.364222 -0.0231534 -0.0327115 0.00546692 
0.261834 0.895993 0.64863 0.575736 0.359466 -0.023238 -0.0326533 0.00545551 
0.266943 0.909943 0.668335 0.571453 0.354832 -0.0233198 -0.0325968 0.00544443 
0.272056 0.923126 0.687175 0.567222 0.350315 -0.0233991 -0.0325419 0.00543368 
0.277173 0.935587 0.705194 0.563045 0.34591 -0.0234761 -0.0324885 0.00542325 
0.282294 0.947365 0.722434 0.558921 0.341614 -0.0235508 -0.0324366 0.00541312 
0.28742 0.958499 0.738934 0.554849 0.337421 -0.0236234 -0.0323862 0.00540329 
0.292551 0.969024 0.75473 0.550829 0.333328 -0.023694 -0.0323373 0.00539375 
0.297686 0.978973 0.769857 0.546861 0.329331 -0.0237628 -0.0322897 0.00538449 
0.302826 0.988377 0.784347 0.542945 0.325427 -0.0238298 -0.0322435 0.0053755 
0.307971 0.997265 0.79823 0.539079 0.321612 -0.0238952 -0.0321987 0.00536678 
0.313121 1.00566 0.811535 0.535264 0.317884 -0.023959 -0.0321552 0.00535832 
0.318275 1.0136 0.824289 0.531498 0.314238 -0.0240213 -0.0321129 0.00535011 
0.323435 1.0211 0.836517 0.527782 0.310673 -0.0240822 -0.032072 0.00534215 
0.3286 1.02818 0.848244 0.524114 0.307185 -0.0241419 -0.0320322 0.00533443 
0.333771 1.03486 0.859492 0.520494 0.303772 -0.0242002 -0.0319937 0.00532695 
0.338946 1.04117 0.870282 0.516921 0.300431 -0.0242575 -0.0319564 0.00531969 
0.344127 1.04712 0.880636 0.513395 0.297159 -0.0243136 -0.0319203 0.00531266 
0.349314 1.05274 0.890572 0.509915 0.293956 -0.0243687 -0.0318853 0.00530586 
0.354506 1.05803 0.900109 0.50648 0.290818 -0.0244228 -0.0318514 0.00529926 
0.359704 1.06301 0.909263 0.50309 0.287743 -0.024476 -0.0318187 0.00529288 
0.364908 1.0677 0.918052 0.499743 0.28473 -0.0245283 -0.031787 0.00528671 
0.370118 1.07212 0.92649 0.49644 0.281775 -0.0245798 -0.0317565 0.00528074 
0.375334 1.07627 0.934594 0.493179 0.278879 -0.0246306 -0.031727 0.00527497 
0.380556 1.08017 0.942376 0.48996 0.276038 -0.0246806 -0.0316985 0.0052694 
0.385784 1.08382 0.94985 0.486783 0.273252 -0.02473 -0.0316711 0.00526401 
0.391018 1.08725 0.957029 0.483646 0.270518 -0.0247787 -0.0316447 0.00525882 
0.396258 1.09046 0.963924 0.480548 0.267835 -0.0248268 -0.0316192 0.00525382 
0.401506 1.09347 0.970548 0.47749 0.265201 -0.0248744 -0.0315948 0.00524899 
0.406759 1.09627 0.976912 0.474471 0.262616 -0.0249214 -0.0315714 0.00524435 
0.412019 1.09889 0.983025 0.471489 0.260077 -0.024968 -0.0315489 0.00523988 
0.417286 1.10132 0.988898 0.468545 0.257584 -0.0250141 -0.0315273 0.00523559 
0.42256 1.10359 0.99454 0.465638 0.255135 -0.0250598 -0.0315067 0.00523148 
0.427841 1.10568 0.99996 0.462766 0.252729 -0.0251052 -0.031487 0.00522753 
0.433129 1.10763 1.00517 0.45993 0.250364 -0.0251501 -0.0314683 0.00522374 
0.438424 1.10942 1.01017 0.457129 0.24804 -0.0251947 -0.0314504 0.00522013 
0.443726 1.11107 1.01498 0.454363 0.245756 -0.025239 -0.0314335 0.00521667 
0.449035 1.11258 1.01959 0.45163 0.24351 -0.0252831 -0.0314174 0.00521338 
0.454352 1.11396 1.02403 0.44893 0.241301 -0.0253269 -0.0314022 0.00521025 
0.459676 1.11521 1.02829 0.446263 0.239129 -0.0253704 -0.0313879 0.00520727 
0.465008 1.11635 1.03238 0.443628 0.236993 -0.0254138 -0.0313744 0.00520445 
0.470348 1.11737 1.03631 0.441025 0.234891 -0.0254569 -0.0313618 0.00520178 
0.475695 1.11828 1.04008 0.438452 0.232823 -0.0254999 -0.03135 0.00519926 
0.481051 1.11909 1.0437 0.435911 0.230788 -0.0255428 -0.0313391 0.00519689 
0.486414 1.1198 1.04718 0.433399 0.228784 -0.0255855 -0.031329 0.00519467 
0.491786 1.12041 1.05052 0.430917 0.226812 -0.0256281 -0.0313197 0.0051926 
0.497165 1.12093 1.05372 0.428463 0.224871 -0.0256706 -0.0313113 0.00519067 
0.502553 1.12137 1.0568 0.426039 0.222959 -0.0257131 -0.0313036 0.00518889 
0.50795 1.12172 1.05975 0.423642 0.221076 -0.0257555 -0.0312968 0.00518725 
0.513355 1.12199 1.06258 0.421273 0.219222 -0.0257979 -0.0312907 0.00518575 
0.518768 1.12219 1.06529 0.418932 0.217396 -0.0258402 -0.0312854 0.00518439 
0.52419 1.12231 1.06789 0.416617 0.215596 -0.0258825 -0.031281 0.00518317 
0.529622 1.12236 1.07039 0.414328 0.213823 -0.0259249 -0.0312773 0.00518209 
0.535062 1.12235 1.07278 0.412065 0.212075 -0.0259672 -0.0312744 0.00518114 
0.540511 1.12227 1.07507 0.409828 0.210353 -0.0260096 -0.0312722 0.00518033 
0.545969 1.12213 1.07726 0.407615 0.208655 -0.0260521 -0.0312708 0.00517965 
0.551437 1.12193 1.07936 0.405428 0.206982 -0.0260946 -0.0312702 0.00517911 
0.556913 1.12168 1.08137 0.403264 0.205331 -0.0261372 -0.0312704 0.0051787 
0.5624 1.12137 1.0833 0.401125 0.203704 -0.0261799 -0.0312712 0.00517842 
0.567896 1.12101 1.08514 0.399008 0.202099 -0.0262227 -0.0312729 0.00517827 
0.573402 1.1206 1.0869 0.396915 0.200517 -0.0262656 -0.0312753 0.00517826 
0.578917 1.12015 1.08858 0.394845 0.198955 -0.0263086 -0.0312784 0.00517837 
0.584442 1.11965 1.09018 0.392797 0.197415 -0.0263517 -0.0312823 0.00517861 
0.589978 1.11911 1.09172 0.390771 0.195896 -0.026395 -0.0312869 0.00517898 
0.595524 1.11853 1.09318 0.388767 0.194396 -0.0264385 -0.0312922 0.00517948 
0.601079 1.11791 1.09458 0.386784 0.192916 -0.0264821 -0.0312983 0.0051801 
0.606646 1.11725 1.09591 0.384822 0.191456 -0.0265259 -0.0313051 0.00518085 
0.612222 1.11656 1.09718 0.382881 0.190014 -0.0265699 -0.0313126 0.00518172 
0.61781 1.11584 1.09838 0.38096 0.188591 -0.0266141 -0.0313209 0.00518272 
0.623408 1.11508 1.09953 0.379059 0.187185 -0.0266584 -0.0313298 0.00518384 
0.629017 1.11429 1.10062 0.377178 0.185798 -0.026703 -0.0313395 0.00518509 
0.634637 1.11347 1.10166 0.375316 0.184428 -0.0267479 -0.0313499 0.00518646 
0.640268 1.11262 1.10265 0.373473 0.183075 -0.0267929 -0.0313611 0.00518795 
0.64591 1.11175 1.10358 0.37165 0.181738 -0.0268382 -0.0313729 0.00518957 
0.651564 1.11085 1.10446 0.369844 0.180418 -0.0268837 -0.0313854 0.0051913 
0.657229 1.10993 1.1053 0.368057 0.179114 -0.0269295 -0.0313987 0.00519316 
0.662905 1.10899 1.10609 0.366288 0.177825 -0.0269756 -0.0314126 0.00519514 
0.668593 1.10802 1.10683 0.364537 0.176552 -0.0270219 -0.0314273 0.00519725 
0.674294 1.10703 1.10754 0.362803 0.175294 -0.0270686 -0.0314427 0.00519947 
0.680006 1.10603 1.1082 0.361086 0.174051 -0.0271155 -0.0314587 0.00520181 
0.68573 1.105 1.10882 0.359386 0.172822 -0.0271627 -0.0314755 0.00520427 
0.691466 1.10396 1.1094 0.357703 0.171607 -0.0272102 -0.031493 0.00520685 
0.697215 1.1029 1.10995 0.356036 0.170406 -0.027258 -0.0315112 0.00520956 
0.702976 1.10182 1.11046 0.354386 0.169219 -0.0273061 -0.0315301 0.00521238 
0.70875 1.10073 1.11093 0.352751 0.168045 -0.0273546 -0.0315496 0.00521532 
0.714536 1.09962 1.11137 0.351132 0.166884 -0.0274034 -0.0315699 0.00521838 
0.720335 1.0985 1.11178 0.349528 0.165736 -0.0274525 -0.0315909 0.00522156 
0.726148 1.09737 1.11216 0.34794 0.164601 -0.027502 -0.0316126 0.00522486 
0.731973 1.09623 1.11251 0.346366 0.163478 -0.0275519 -0.031635 0.00522827 
0.737812 1.09507 1.11283 0.344808 0.162367 -0.0276021 -0.0316581 0.00523181 
0.743664 1.09391 1.11312 0.343264 0.161268 -0.0276526 -0.0316819 0.00523546 
0.749529 1.09273 1.11338 0.341734 0.160181 -0.0277036 -0.0317063 0.00523924 
0.755409 1.09155 1.11362 0.340218 0.159105 -0.0277549 -0.0317315 0.00524313 
0.761302 1.09036 1.11383 0.338716 0.15804 -0.0278066 -0.0317574 0.00524714 
0.767209 1.08915 1.11402 0.337228 0.156987 -0.0278587 -0.031784 0.00525127 
0.77313 1.08795 1.11418 0.335754 0.155944 -0.0279112 -0.0318113 0.00525552 
0.779065 1.08673 1.11432 0.334293 0.154912 -0.0279641 -0.0318393 0.00525988 
0.785015 1.08551 1.11444 0.332844 0.15389 -0.0280175 -0.031868 0.00526437 
0.790979 1.08428 1.11454 0.331409 0.152879 -0.0280712 -0.0318974 0.00526897 
0.796958 1.08305 1.11462 0.329987 0.151877 -0.0281254 -0.0319275 0.00527369 
0.802952 1.08181 1.11468 0.328577 0.150886 -0.02818 -0.0319583 0.00527853 
0.808961 1.08056 1.11472 0.327179 0.149904 -0.028235 -0.0319898 0.0052835 
0.814984 1.07931 1.11474 0.325794 0.148932 -0.0282905 -0.0320221 0.00528858 
0.821023 1.07806 1.11474 0.324421 0.147969 -0.0283464 -0.032055 0.00529378 
0.827078 1.07681 1.11473 0.323059 0.147015 -0.0284028 -0.0320887 0.0052991 
0.833148 1.07555 1.1147 0.321709 0.14607 -0.0284597 -0.032123 0.00530453 
0.839234 1.07429 1.11466 0.320371 0.145134 -0.028517 -0.0321581 0.00531009 
0.845336 1.07303 1.1146 0.319044 0.144207 -0.0285748 -0.0321939 0.00531577 
0.851453 1.07176 1.11452 0.317728 0.143288 -0.0286331 -0.0322304 0.00532157 
0.857587 1.07049 1.11444 0.316423 0.142377 -0.0286919 -0.0322677 0.00532749 
0.863738 1.06922 1.11434 0.315129 0.141475 -0.0287511 -0.0323056 0.00533354 
0.869904 1.06795 1.11422 0.313845 0.140581 -0.0288109 -0.0323443 0.0053397 
0.876088 1.06668 1.11409 0.312572 0.139695 -0.0288711 -0.0323837 0.00534598 
0.882288 1.06541 1.11396 0.31131 0.138816 -0.0289319 -0.0324239 0.00535239 
0.888506 1.06414 1.11381 0.310058 0.137945 -0.0289932 -0.0324648 0.00535892 
0.89474 1.06287 1.11365 0.308815 0.137082 -0.029055 -0.0325064 0.00536557 
0.900992 1.0616 1.11348 0.307583 0.136226 -0.0291174 -0.0325487 0.00537235 
0.907261 1.06033 1.11329 0.30636 0.135377 -0.0291803 -0.0325918 0.00537925 
0.913549 1.05906 1.1131 0.305148 0.134535 -0.0292437 -0.0326356 0.00538627 
0.919853 1.05779 1.1129 0.303944 0.133701 -0.0293077 -0.0326802 0.00539341 
0.926177 1.05652 1.11269 0.30275 0.132873 -0.0293722 -0.0327255 0.00540068 
0.932518 1.05526 1.11248 0.301565 0.132052 -0.0294373 -0.0327715 0.00540808 
0.938877 1.05399 1.11225 0.300389 0.131237 -0.0295029 -0.0328183 0.0054156 
0.945256 1.05273 1.11202 0.299222 0.130429 -0.0295692 -0.0328659 0.00542325 
0.951652 1.05146 1.11177 0.298064 0.129627 -0.029636 -0.0329142 0.00543102 
0.958068 1.0502 1.11153 0.296915 0.128832 -0.0297034 -0.0329633 0.00543892 
0.964503 1.04895 1.11127 0.295774 0.128042 -0.0297714 -0.0330131 0.00544695 
0.970958 1.04769 1.11101 0.294641 0.127259 -0.02984 -0.0330638 0.0054551 
0.977431 1.04644 1.11074 0.293517 0.126481 -0.0299092 -0.0331151 0.00546339 
0.983925 1.04518 1.11047 0.292401 0.12571 -0.029979 -0.0331673 0.0054718 
0.990438 1.04394 1.11019 0.291293 0.124943 -0.0300494 -0.0332202 0.00548034 
0.996972 1.04269 1.1099 0.290193 0.124183 -0.0301204 -0.033274 0.00548902 
1.00353 1.04145 1.10961 0.289101 0.123428 -0.0301921 -0.0333285 0.00549782 
1.0101 1.04021 1.10931 0.288016 0.122678 -0.0302644 -0.0333838 0.00550675 
1.01669 1.03897 1.10901 0.286939 0.121934 -0.0303374 -0.0334399 0.00551582 
1.02331 1.03773 1.10871 0.28587 0.121195 -0.030411 -0.0334968 0.00552502 
1.02995 1.0365 1.1084 0.284807 0.120461 -0.0304853 -0.0335545 0.00553435 
1.0366 1.03528 1.10809 0.283752 0.119732 -0.0305602 -0.033613 0.00554382 
1.04328 1.03405 1.10777 0.282704 0.119007 -0.0306358 -0.0336723 0.00555342 
1.04999 1.03283 1.10745 0.281663 0.118288 -0.0307121 -0.0337324 0.00556316 
1.05671 1.03161 1.10712 0.280629 0.117573 -0.030789 -0.0337934 0.00557303 
1.06345 1.0304 1.1068 0.279602 0.116863 -0.0308667 -0.0338551 0.00558304 
1.07022 1.02919 1.10647 0.278581 0.116157 -0.0309451 -0.0339177 0.00559319 
1.07701 1.02798 1.10613 0.277567 0.115456 -0.0310241 -0.0339812 0.00560348 
1.08382 1.02678 1.1058 0.276559 0.114759 -0.0311039 -0.0340454 0.0056139 
1.09066 1.02558 1.10546 0.275557 0.114066 -0.0311844 -0.0341106 0.00562447 
1.09752 1.02438 1.10512 0.274562 0.113378 -0.0312656 -0.0341765 0.00563517 
1.1044 1.02319 1.10477 0.273573 0.112693 -0.0313476 -0.0342434 0.00564602 
1.11131 1.022 1.10443 0.27259 0.112013 -0.0314303 -0.0343111 0.00565701 
1.11824 1.02082 1.10408 0.271613 0.111336 -0.0315137 -0.0343796 0.00566815 
1.12519 1.01963 1.10373 0.270641 0.110663 -0.0315979 -0.034449 0.00567942 
1.13217 1.01846 1.10338 0.269675 0.109994 -0.0316829 -0.0345193 0.00569085 
1.13917 1.01728 1.10303 0.268715 0.109329 -0.0317686 -0.0345905 0.00570242 
1.1462 1.01611 1.10267 0.267761 0.108667 -0.0318552 -0.0346626 0.00571413 
1.15325 1.01495 1.10231 0.266811 0.108008 -0.0319425 -0.0347356 0.005726 
1.16033 1.01379 1.10196 0.265867 0.107354 -0.0320306 -0.0348094 0.00573801 
1.16743 1.01263 1.1016 0.264929 0.106702 -0.0321195 -0.0348842 0.00575017 
1.17456 1.01148 1.10124 0.263995 0.106054 -0.0322093 -0.0349599 0.00576249 
1.18172 1.01033 1.10087 0.263066 0.105408 -0.0322998 -0.0350365 0.00577495 
1.1889 1.00918 1.10051 0.262143 0.104766 -0.0323912 -0.035114 0.00578757 
1.19611 1.00804 1.10015 0.261224 0.104127 -0.0324834 -0.0351925 0.00580035 
1.20334 1.0069 1.09978 0.26031 0.103491 -0.0325765 -0.0352719 0.00581327 
1.21061 1.00576 1.09942 0.2594 0.102858 -0.0326704 -0.0353522 0.00582636 
1.2179 1.00463 1.09905 0.258495 0.102228 -0.0327652 -0.0354335 0.0058396 
1.22521 1.0035 1.09868 0.257594 0.1016 -0.0328608 -0.0355158 0.005853 
1.23256 1.00238 1.09832 0.256698 0.100975 -0.0329574 -0.035599 0.00586656 
1.23993 1.00126 1.09795 0.255806 0.100353 -0.0330548 -0.0356832 0.00588028 
1.24733 1.00014 1.09758 0.254918 0.0997326 -0.0331531 -0.0357684 0.00589417 
1.25476 0.999029 1.09721 0.254034 0.0991152 -0.0332524 -0.0358546 0.00590822 
1.26222 0.997919 1.09684 0.253155 0.0985002 -0.0333525 -0.0359418 0.00592243 
1.26971 0.996812 1.09647 0.252279 0.0978874 -0.0334536 -0.0360299 0.00593681 
1.27723 0.995709 1.0961 0.251406 0.097277 -0.0335556 -0.0361191 0.00595135 
1.28478 0.994609 1.09572 0.250538 0.0966686 -0.0336586 -0.0362093 0.00596606 
1.29236 0.993513 1.09535 0.249673 0.0960624 -0.0337625 -0.0363006 0.00598095 
1.29997 0.992419 1.09498 0.248812 0.0954583 -0.0338674 -0.0363928 0.005996 
1.30761 0.991329 1.0946 0.247954 0.0948561 -0.0339732 -0.0364862 0.00601123 
1.31528 0.990242 1.09423 0.247099 0.0942558 -0.0340801 -0.0365805 0.00602663 
1.32298 0.989158 1.09386 0.246248 0.0936573 -0.0341879 -0.036676 0.00604221 
1.33071 0.988076 1.09348 0.245399 0.0930606 -0.0342968 -0.0367725 0.00605796 
1.33848 0.986998 1.0931 0.244554 0.0924656 -0.0344066 -0.0368701 0.00607389 
1.34628 0.985922 1.09273 0.243712 0.0918723 -0.0345175 -0.0369688 0.00609 
1.35411 0.984849 1.09235 0.242873 0.0912805 -0.0346295 -0.0370686 0.0061063 
1.36197 0.983779 1.09197 0.242036 0.0906902 -0.0347425 -0.0371695 0.00612277 
1.36987 0.982711 1.09159 0.241202 0.0901014 -0.0348565 -0.0372715 0.00613943 
1.3778 0.981645 1.09122 0.240371 0.0895139 -0.0349716 -0.0373746 0.00615628 
1.38576 0.980582 1.09084 0.239542 0.0889278 -0.0350878 -0.0374789 0.00617331 
1.39376 0.979521 1.09045 0.238716 0.0883428 -0.0352051 -0.0375843 0.00619053 
1.4018 0.978462 1.09007 0.237892 0.0877591 -0.0353235 -0.0376909 0.00620795 
1.40987 0.977405 1.08969 0.23707 0.0871765 -0.035443 -0.0377987 0.00622555 
1.41797 0.97635 1.08931 0.23625 0.0865949 -0.0355637 -0.0379076 0.00624336 
1.42611 0.975297 1.08892 0.235433 0.0860143 -0.0356855 -0.0380177 0.00626135 
1.43429 0.974246 1.08854 0.234617 0.0854346 -0.0358084 -0.0381291 0.00627955 
1.4425 0.973196 1.08815 0.233804 0.0848557 -0.0359325 -0.0382416 0.00629794 
1.45075 0.972147 1.08776 0.232992 0.0842777 -0.0360578 -0.0383554 0.00631654 
1.45904 0.9711 1.08738 0.232182 0.0837003 -0.0361843 -0.0384704 0.00633534 
1.46736 0.970054 1.08698 0.231373 0.0831237 -0.036312 -0.0385866 0.00635434 
1.47573 0.96901 1.08659 0.230566 0.0825476 -0.0364409 -0.0387041 0.00637356 
1.48413 0.967966 1.0862 0.22976 0.081972 -0.036571 -0.0388229 0.00639298 
1.49257 0.966923 1.08581 0.228956 0.0813969 -0.0367024 -0.038943 0.00641261 
1.50105 0.96588 1.08541 0.228153 0.0808222 -0.036835 -0.0390643 0.00643246 
1.50957 0.964839 1.08501 0.227351 0.0802478 -0.0369689 -0.039187 0.00645252 
1.51812 0.963797 1.08461 0.22655 0.0796737 -0.0371041 -0.039311 0.0064728 
1.52672 0.962756 1.08421 0.22575 0.0790998 -0.0372406 -0.0394363 0.0064933 
1.53536 0.961715 1.0838 0.224951 0.078526 -0.0373785 -0.039563 0.00651402 
1.54404 0.960674 1.0834 0.224152 0.0779523 -0.0375176 -0.039691 0.00653496 
1.55277 0.959633 1.08299 0.223355 0.0773786 -0.0376581 -0.0398204 0.00655613 
1.56153 0.958591 1.08258 0.222558 0.0768049 -0.0378 -0.0399512 0.00657753 
1.57034 0.957549 1.08216 0.221761 0.076231 -0.0379432 -0.0400834 0.00659916 
1.57919 0.956506 1.08174 0.220965 0.0756569 -0.0380878 -0.040217 0.00662102 
1.58809 0.955462 1.08132 0.220168 0.0750825 -0.0382338 -0.040352 0.00664312 
1.59703 0.954418 1.0809 0.219373 0.0745078 -0.0383813 -0.0404885 0.00666545 
1.60601 0.953372 1.08047 0.218577 0.0739327 -0.0385302 -0.0406265 0.00668803 
1.61504 0.952324 1.08004 0.217781 0.0733571 -0.0386805 -0.0407659 0.00671085 
1.62411 0.951275 1.07961 0.216985 0.072781 -0.0388323 -0.0409068 0.00673391 
1.63323 0.950225 1.07917 0.216189 0.0722043 -0.0389856 -0.0410492 0.00675722 
1.64239 0.949172 1.07873 0.215392 0.0716269 -0.0391404 -0.0411931 0.00678078 
1.65161 0.948117 1.07829 0.214595 0.0710487 -0.0392968 -0.0413386 0.0068046 
1.66087 0.94706 1.07784 0.213798 0.0704698 -0.0394547 -0.0414857 0.00682867 
1.67017 0.946001 1.07739 0.213 0.0698899 -0.0396141 -0.0416343 0.006853 
1.67953 0.944938 1.07693 0.212201 0.0693091 -0.0397751 -0.0417845 0.00687759 
1.68894 0.943873 1.07646 0.211401 0.0687273 -0.0399377 -0.0419363 0.00690244 
1.69839 0.942804 1.076 0.2106 0.0681444 -0.040102 -0.0420897 0.00692756 
1.70789 0.941732 1.07552 0.209798 0.0675602 -0.0402678 -0.0422447 0.00695295 
1.71745 0.940656 1.07504 0.208995 0.0669749 -0.0404354 -0.0424015 0.00697861 
1.72706 0.939576 1.07456 0.208191 0.0663882 -0.0406046 -0.0425599 0.00700455 
1.73671 0.938493 1.07407 0.207385 0.0658001 -0.0407754 -0.04272 0.00703077 
1.74642 0.937404 1.07357 0.206578 0.0652105 -0.040948 -0.0428818 0.00705727 
1.75619 0.936312 1.07307 0.205768 0.0646194 -0.0411224 -0.0430453 0.00708406 
1.766 0.935214 1.07256 0.204958 0.0640267 -0.0412985 -0.0432106 0.00711113 
1.77587 0.934111 1.07205 0.204145 0.0634323 -0.0414764 -0.0433777 0.0071385 
1.7858 0.933003 1.07152 0.20333 0.062836 -0.041656 -0.0435466 0.00716616 
1.79578 0.931889 1.07099 0.202514 0.062238 -0.0418375 -0.0437173 0.00719411 
1.80581 0.93077 1.07046 0.201694 0.0616379 -0.0420209 -0.0438898 0.00722237 
1.81591 0.929644 1.06991 0.200873 0.0610359 -0.0422061 -0.0440642 0.00725094 
1.82606 0.928511 1.06936 0.200049 0.0604318 -0.0423931 -0.0442404 0.00727981 
1.83626 0.927372 1.06879 0.199222 0.0598255 -0.0425822 -0.0444186 0.007309 
1.84653 0.926226 1.06822 0.198393 0.0592169 -0.0427731 -0.0445987 0.0073385 
1.85685 0.925072 1.06764 0.197561 0.0586059 -0.042966 -0.0447807 0.00736833 
1.86724 0.923911 1.06705 0.196726 0.0579926 -0.0431609 -0.0449647 0.00739847 
1.87768 0.922741 1.06645 0.195887 0.0573767 -0.0433578 -0.0451507 0.00742895 
1.88819 0.921564 1.06584 0.195045 0.0567582 -0.0435567 -0.0453387 0.00745975 
1.89876 0.920377 1.06522 0.1942 0.056137 -0.0437577 -0.0455288 0.00749089 
1.90939 0.919182 1.06459 0.193352 0.055513 -0.0439608 -0.0457209 0.00752237 
1.92008 0.917977 1.06395 0.192499 0.0548862 -0.044166 -0.0459151 0.00755419 
1.93084 0.916763 1.0633 0.191643 0.0542563 -0.0443733 -0.0461114 0.00758636 
1.94166 0.915539 1.06263 0.190782 0.0536235 -0.0445828 -0.0463099 0.00761889 
1.95255 0.914304 1.06196 0.189918 0.0529874 -0.0447945 -0.0465105 0.00765176 
1.9635 0.913058 1.06127 0.189049 0.0523482 -0.0450085 -0.0467134 0.007685 
1.97452 0.911802 1.06056 0.188176 0.0517056 -0.0452247 -0.0469184 0.00771861 
1.98561 0.910533 1.05985 0.187298 0.0510595 -0.0454431 -0.0471257 0.00775258 
1.99677 0.909253 1.05912 0.186416 0.0504099 -0.0456639 -0.0473353 0.00778693 
2.00799 0.907961 1.05837 0.185528 0.0497567 -0.045887 -0.0475472 0.00782166 
2.01929 0.906655 1.05761 0.184636 0.0490997 -0.0461125 -0.0477615 0.00785677 
2.03066 0.905337 1.05684 0.183738 0.0484389 -0.0463405 -0.0479781 0.00789227 
2.0421 0.904005 1.05605 0.182834 0.0477742 -0.0465708 -0.048197 0.00792816 
2.05361 0.902659 1.05525 0.181926 0.0471054 -0.0468036 -0.0484185 0.00796446 
2.06519 0.901298 1.05443 0.181011 0.0464324 -0.047039 -0.0486424 0.00800115 
2.07685 0.899923 1.05359 0.18009 0.0457552 -0.0472768 -0.0488687 0.00803826 
2.08859 0.898532 1.05273 0.179164 0.0450736 -0.0475173 -0.0490976 0.00807578 
2.1004 0.897125 1.05186 0.178231 0.0443875 -0.0477603 -0.0493291 0.00811372 
2.11229 0.895702 1.05096 0.177291 0.0436968 -0.048006 -0.0495631 0.00815208 
2.12426 0.894261 1.05005 0.176345 0.0430014 -0.0482544 -0.0497998 0.00819088 
2.13631 0.892804 1.04912 0.175392 0.0423012 -0.0485055 -0.0500391 0.00823011 
2.14844 0.891328 1.04817 0.174432 0.041596 -0.0487593 -0.0502812 0.00826979 
2.16064 0.889835 1.0472 0.173465 0.0408857 -0.0490159 -0.0505259 0.00830991 
2.17294 0.888322 1.0462 0.17249 0.0401702 -0.0492754 -0.0507735 0.00835049 
2.18531 0.886789 1.04519 0.171508 0.0394494 -0.0495377 -0.0510238 0.00839153 
2.19777 0.885237 1.04415 0.170518 0.0387231 -0.049803 -0.051277 0.00843304 
2.21031 0.883663 1.04309 0.169519 0.0379913 -0.0500712 -0.051533 0.00847502 
2.22294 0.882069 1.042 0.168513 0.0372537 -0.0503424 -0.051792 0.00851748 
2.23566 0.880452 1.04089 0.167498 0.0365103 -0.0506166 -0.052054 0.00856042 
2.24847 0.878813 1.03976 0.166474 0.0357609 -0.0508939 -0.0523189 0.00860386 
2.26136 0.877151 1.0386 0.165441 0.0350054 -0.0511743 -0.0525869 0.0086478 
2.27435 0.875465 1.03741 0.164399 0.0342436 -0.0514579 -0.052858 0.00869225 
2.28743 0.873755 1.03619 0.163347 0.0334754 -0.0517447 -0.0531322 0.0087372 
2.3006 0.872019 1.03495 0.162286 0.0327006 -0.0520348 -0.0534096 0.00878269 
2.31387 0.870258 1.03368 0.161215 0.0319192 -0.0523282 -0.0536902 0.00882869 
2.32723 0.86847 1.03237 0.160134 0.0311309 -0.0526249 -0.0539741 0.00887524 
2.34069 0.866655 1.03104 0.159042 0.0303356 -0.052925 -0.0542613 0.00892233 
2.35425 0.864812 1.02968 0.15794 0.0295331 -0.0532286 -0.0545518 0.00896997 
2.3679 0.86294 1.02828 0.156827 0.0287233 -0.0535357 -0.0548458 0.00901817 
2.38166 0.861038 1.02685 0.155702 0.027906 -0.0538464 -0.0551432 0.00906694 
2.39552 0.859106 1.02539 0.154566 0.0270811 -0.0541606 -0.0554441 0.00911628 
2.40948 0.857143 1.02389 0.153418 0.0262483 -0.0544786 -0.0557486 0.00916621 
2.42355 0.855148 1.02236 0.152259 0.0254076 -0.0548002 -0.0560567 0.00921673 
2.43773 0.85312 1.02079 0.151086 0.0245586 -0.0551256 -0.0563684 0.00926785 
2.45201 0.851058 1.01918 0.149901 0.0237014 -0.0554549 -0.0566839 0.00931959 
2.4664 0.848962 1.01753 0.148703 0.0228356 -0.055788 -0.0570032 0.00937194 
2.4809 0.84683 1.01584 0.147492 0.0219611 -0.0561251 -0.0573263 0.00942492 
2.49552 0.844662 1.01412 0.146268 0.0210776 -0.0564663 -0.0576533 0.00947854 
2.51024 0.842456 1.01235 0.145029 0.0201851 -0.0568114 -0.0579842 0.00953281 
2.52509 0.840212 1.01053 0.143776 0.0192833 -0.0571608 -0.0583191 0.00958774 
2.54005 0.837928 1.00868 0.142508 0.018372 -0.0575143 -0.0586581 0.00964333 
2.55513 0.835604 1.00677 0.141226 0.017451 -0.0578721 -0.0590013 0.0096996 
2.57033 0.833239 1.00483 0.139928 0.0165201 -0.0582342 -0.0593486 0.00975656 
2.58565 0.83083 1.00283 0.138614 0.015579 -0.0586007 -0.0597002 0.00981422 
2.60109 0.828379 1.00078 0.137285 0.0146277 -0.0589717 -0.0600561 0.00987259 
2.61666 0.825882 0.998686 0.135939 0.0136657 -0.0593473 -0.0604164 0.00993168 
2.63236 0.823339 0.996538 0.134576 0.012693 -0.0597274 -0.0607812 0.0099915 
2.64818 0.82075 0.994337 0.133196 0.0117092 -0.0601123 -0.0611505 0.0100521 
2.66414 0.818112 0.992082 0.131799 0.0107142 -0.0605019 -0.0615244 0.0101134 
2.68023 0.815424 0.98977 0.130383 0.00970772 -0.0608963 -0.061903 0.0101755 
2.69645 0.812685 0.987401 0.128949 0.00868946 -0.0612957 -0.0622864 0.0102384 
2.71281 0.809894 0.984974 0.127497 0.00765921 -0.0617001 -0.0626746 0.010302 
2.72931 0.80705 0.982486 0.126024 0.0066167 -0.0621095 -0.0630676 0.0103665 
2.74595 0.804151 0.979936 0.124533 0.00556168 -0.0625242 -0.0634657 0.0104318 
2.76273 0.801195 0.977322 0.12302 0.00449387 -0.062944 -0.0638688 0.0104979 
2.77965 0.798181 0.974643 0.121488 0.00341299 -0.0633692 -0.0642771 0.0105648 
2.79672 0.795109 0.971897 0.119934 0.00231878 -0.0637999 -0.0646907 0.0106327 
2.81395 0.791975 0.969082 0.118358 0.00121093 -0.064236 -0.0651095 0.0107014 
2.83132 0.788779 0.966197 0.11676 8.91637e-05 -0.0646778 -0.0655338 0.0107709 
2.84884 0.785519 0.963239 0.11514 -0.00104683 -0.0651253 -0.0659635 0.0108414 
2.86653 0.782194 0.960207 0.113496 -0.00219734 -0.0655786 -0.0663989 0.0109128 
2.88437 0.778801 0.957099 0.111829 -0.0033627 -0.0660378 -0.0668399 0.0109852 
2.90237 0.775339 0.953912 0.110137 -0.00454323 -0.066503 -0.0672868 0.0110585 
2.92053 0.771806 0.950645 0.10842 -0.00573924 -0.0669743 -0.0677395 0.0111327 
2.93886 0.768201 0.947296 0.106678 -0.00695108 -0.0674518 -0.0681982 0.0112079 
2.95735 0.764522 0.943861 0.10491 -0.00817909 -0.0679357 -0.0686629 0.0112842 
2.97602 0.760765 0.94034 0.103115 -0.00942363 -0.0684259 -0.0691339 0.0113614 
2.99486 0.756931 0.93673 0.101292 -0.010685 -0.0689228 -0.0696112 0.0114397 
3.01388 0.753016 0.933028 0.0994422 -0.0119637 -0.0694263 -0.0700949 0.011519 
3.03308 0.749019 0.929232 0.0975634 -0.01326 -0.0699365 -0.0705851 0.0115994 
3.05245 0.744937 0.92534 0.0956553 -0.0145743 -0.0704537 -0.0710819 0.0116809 
3.07202 0.740768 0.921349 0.0937172 -0.015907 -0.0709779 -0.0715855 0.0117635 
3.09177 0.736511 0.917256 0.0917484 -0.0172585 -0.0715093 -0.072096 0.0118472 
3.11171 0.732162 0.913059 0.0897482 -0.0186293 -0.0720479 -0.0726135 0.0119321 
3.13184 0.727719 0.908754 0.0877158 -0.0200197 -0.072594 -0.073138 0.0120182 
3.15217 0.72318 0.90434 0.0856505 -0.0214302 -0.0731476 -0.0736699 0.0121054 
3.1727 0.718542 0.899812 0.0835514 -0.0228612 -0.0737089 -0.0742091 0.0121938 
3.19343 0.713804 0.895169 0.0814179 -0.0243133 -0.074278 -0.0747559 0.0122835 
3.21437 0.708961 0.890407 0.079249 -0.0257867 -0.0748551 -0.0753103 0.0123745 
3.23553 0.704012 0.885522 0.0770439 -0.0272822 -0.0754404 -0.0758725 0.0124667 
3.25689 0.698954 0.880512 0.0748018 -0.0288 -0.0760339 -0.0764426 0.0125602 
3.27847 0.693783 0.875373 0.0725217 -0.0303408 -0.0766359 -0.0770209 0.012655 
3.30027 0.688497 0.870101 0.0702027 -0.031905 -0.0772464 -0.0776074 0.0127512 
3.3223 0.683093 0.864694 0.0678439 -0.0334932 -0.0778657 -0.0782023 0.0128488 
3.34456 0.677568 0.859147 0.0654443 -0.035106 -0.078494 -0.0788057 0.0129478 
3.36704 0.671918 0.853456 0.063003 -0.0367438 -0.0791313 -0.0794179 0.0130482 
3.38977 0.66614 0.847618 0.0605189 -0.0384073 -0.079778 -0.080039 0.0131501 
3.41273 0.660231 0.841628 0.0579909 -0.0400971 -0.0804341 -0.0806691 0.0132534 
3.43594 0.654187 0.835483 0.055418 -0.0418137 -0.0810998 -0.0813085 0.0133583 
3.4594 0.648005 0.829179 0.0527991 -0.0435578 -0.0817754 -0.0819573 0.0134647 
3.48311 0.641681 0.82271 0.050133 -0.0453299 -0.0824609 -0.0826157 0.0135727 
3.50708 0.635212 0.816072 0.0474187 -0.0471309 -0.0831568 -0.0832839 0.0136823 
3.53132 0.628592 0.809261 0.0446548 -0.0489613 -0.083863 -0.0839621 0.0137936 
3.55581 0.621819 0.802272 0.0418401 -0.0508218 -0.0845799 -0.0846504 0.0139065 
3.58059 0.614887 0.795099 0.0389734 -0.0527131 -0.0853077 -0.0853492 0.0140211 
3.60564 0.607794 0.787739 0.0360534 -0.054636 -0.0860465 -0.0860585 0.0141374 
3.63097 0.600534 0.780185 0.0330787 -0.0565911 -0.0867967 -0.0867787 0.0142555 
3.65658 0.593102 0.772432 0.030048 -0.0585794 -0.0875584 -0.0875099 0.0143755 
3.68249 0.585495 0.764475 0.0269598 -0.0606015 -0.0883318 -0.0882524 0.0144973 
3.7087 0.577707 0.756307 0.0238127 -0.0626583 -0.0891173 -0.0890064 0.0146209 
3.73522 0.569734 0.747924 0.0206052 -0.0647506 -0.0899151 -0.0897721 0.0147465 
3.76204 0.56157 0.739318 0.0173356 -0.0668792 -0.0907254 -0.0905497 0.0148741 
3.78917 0.553209 0.730484 0.0140025 -0.0690451 -0.0915485 -0.0913397 0.0150037 
3.81663 0.544647 0.721414 0.0106042 -0.0712491 -0.0923847 -0.0921421 0.0151353 
3.84442 0.535879 0.712103 0.00713904 -0.0734923 -0.0932342 -0.0929572 0.015269 
3.87254 0.526897 0.702543 0.00360519 -0.0757755 -0.0940974 -0.0937854 0.0154048 
3.901 0.517696 0.692727 9.11005e-07 -0.0780997 -0.0949745 -0.0946269 0.0155429 
3.9298 0.508271 0.682648 -0.00367565 -0.0804659 -0.0958659 -0.095482 0.0156831 
3.95896 0.498614 0.672298 -0.00742638 -0.0828753 -0.0967718 -0.096351 0.0158256 
3.98849 0.488719 0.66167 -0.0112533 -0.0853288 -0.0976926 -0.0972342 0.0159705 
4.01837 0.478579 0.650754 -0.0151583 -0.0878277 -0.0986286 -0.0981319 0.0161178 
4.04864 0.468188 0.639543 -0.0191436 -0.0903729 -0.0995801 -0.0990445 0.0162674 
4.07929 0.457537 0.628029 -0.0232113 -0.0929658 -0.100548 -0.0999722 0.0164196 
4.11032 0.446621 0.616201 -0.0273636 -0.0956075 -0.101531 -0.100915 0.0165743 
4.14176 0.43543 0.604051 -0.0316028 -0.0982993 -0.102532 -0.101874 0.0167316 
4.17361 0.423957 0.591569 -0.0359312 -0.101042 -0.103549 -0.10285 0.0168916 
4.20586 0.412194 0.578746 -0.0403514 -0.103838 -0.104584 -0.103842 0.0170543 
4.23855 0.400133 0.565571 -0.0448657 -0.106688 -0.105636 -0.10485 0.0172198 
4.27167 0.387764 0.552033 -0.0494768 -0.109594 -0.106707 -0.105877 0.0173881 
4.30522 0.375078 0.538122 -0.0541875 -0.112556 -0.107796 -0.106921 0.0175593 
4.33923 0.362066 0.523826 -0.0590003 -0.115577 -0.108905 -0.107983 0.0177335 
4.37371 0.348719 0.509134 -0.0639183 -0.118658 -0.110033 -0.109064 0.0179108 
4.40865 0.335026 0.494033 -0.0689443 -0.1218 -0.111181 -0.110164 0.0180912 
4.44408 0.320977 0.478511 -0.0740813 -0.125006 -0.11235 -0.111283 0.0182748 
4.47999 0.306561 0.462555 -0.0793327 -0.128277 -0.113539 -0.112422 0.0184617 
4.51642 0.291767 0.446152 -0.0847015 -0.131614 -0.11475 -0.113582 0.0186519 
4.55335 0.276584 0.429286 -0.0901912 -0.13502 -0.115984 -0.114763 0.0188456 
4.59081 0.260999 0.411945 -0.0958053 -0.138497 -0.117239 -0.115965 0.0190428 
4.62881 0.245001 0.394113 -0.101547 -0.142046 -0.118518 -0.11719 0.0192437 
4.66736 0.228576 0.375775 -0.107421 -0.145669 -0.119821 -0.118437 0.0194482 
4.70647 0.211712 0.356914 -0.11343 -0.149369 -0.121148 -0.119707 0.0196565 
4.74616 0.194394 0.337513 -0.119579 -0.153147 -0.1225 -0.121001 0.0198687 
4.78644 0.176609 0.317557 -0.125871 -0.157007 -0.123878 -0.122319 0.020085 
4.82732 0.158341 0.297026 -0.132312 -0.160949 -0.125281 -0.123662 0.0203053 
4.86882 0.139576 0.275902 -0.138905 -0.164977 -0.126712 -0.125031 0.0205298 
4.91095 0.120297 0.254166 -0.145654 -0.169094 -0.128171 -0.126426 0.0207586 
4.95373 0.100488 0.231798 -0.152566 -0.1733 -0.129658 -0.127848 0.0209918 
4.99717 0.0801323 0.208777 -0.159644 -0.177601 -0.131174 -0.129298 0.0212296 
5.0413 0.0592117 0.185081 -0.166894 -0.181997 -0.13272 -0.130777 0.0214721 
5.08611 0.037708 0.160688 -0.174321 -0.186492 -0.134296 -0.132284 0.0217193 
5.13165 0.0156021 0.135575 -0.181931 -0.191088 -0.135905 -0.133822 0.0219715 
5.17791 -0.00712579 0.109717 -0.189729 -0.19579 -0.137545 -0.13539 0.0222287 
5.22492 -0.0304963 0.0830896 -0.197721 -0.200599 -0.13922 -0.13699 0.0224912 
5.2727 -0.054531 0.0556664 -0.205913 -0.20552 -0.140928 -0.138622 0.0227589 
5.32127 -0.0792519 0.0274202 -0.214312 -0.210556 -0.142672 -0.140288 0.0230322 
5.37066 -0.104682 -0.00167735 -0.222925 -0.21571 -0.144452 -0.141989 0.023311 
5.42087 -0.130846 -0.0316557 -0.231758 -0.220986 -0.146269 -0.143725 0.0235957 
5.47193 -0.157769 -0.0625454 -0.240818 -0.226387 -0.148124 -0.145497 0.0238864 
5.52387 -0.185476 -0.0943785 -0.250114 -0.231918 -0.150019 -0.147306 0.0241832 
5.57671 -0.213995 -0.127188 -0.259652 -0.237583 -0.151955 -0.149155 0.0244863 
5.63047 -0.243354 -0.161009 -0.26944 -0.243386 -0.153933 -0.151042 0.0247959 
5.68518 -0.273582 -0.195877 -0.279488 -0.249332 -0.155953 -0.152971 0.0251122 
5.74086 -0.304711 -0.23183 -0.289804 -0.255425 -0.158018 -0.154942 0.0254355 
5.79755 -0.336771 -0.268907 -0.300396 -0.26167 -0.160129 -0.156956 0.0257658 
5.85526 -0.369797 -0.307149 -0.311275 -0.268072 -0.162287 -0.159015 0.0261034 
5.91404 -0.403823 -0.346599 -0.32245 -0.274636 -0.164493 -0.16112 0.0264486 
5.9739 -0.438885 -0.387301 -0.333932 -0.281367 -0.16675 -0.163272 0.0268016 
6.03489 -0.475022 -0.429301 -0.34573 -0.288272 -0.169058 -0.165473 0.0271626 
6.09703 -0.512272 -0.472649 -0.357858 -0.295356 -0.17142 -0.167725 0.0275319 
6.16036 -0.550677 -0.517395 -0.370325 -0.302626 -0.173836 -0.170029 0.0279098 
6.22491 -0.59028 -0.563591 -0.383144 -0.310087 -0.176309 -0.172386 0.0282964 
6.29072 -0.631126 -0.611294 -0.396328 -0.317747 -0.178841 -0.174799 0.0286921 
6.35783 -0.673261 -0.660562 -0.409891 -0.325612 -0.181434 -0.17727 0.0290973 
6.42628 -0.716736 -0.711454 -0.423845 -0.33369 -0.184089 -0.179799 0.0295121 
6.4961 -0.761602 -0.764035 -0.438206 -0.341989 -0.186808 -0.18239 0.029937 
6.56735 -0.807912 -0.818372 -0.452989 -0.350515 -0.189595 -0.185044 0.0303723 
6.64007 -0.855723 -0.874532 -0.468209 -0.359278 -0.19245 -0.187763 0.0308183 
6.71431 -0.905095 -0.932591 -0.483883 -0.368287 -0.195378 -0.19055 0.0312753 
6.79011 -0.956088 -0.992623 -0.500028 -0.37755 -0.198379 -0.193407 0.0317439 
6.86752 -1.00877 -1.05471 -0.516663 -0.387077 -0.201456 -0.196337 0.0322243 
6.94661 -1.0632 -1.11894 -0.533807 -0.396877 -0.204613 -0.199341 0.032717 
7.02741 -1.11947 -1.18539 -0.55148 -0.406962 -0.207852 -0.202423 0.0332225 
7.11001 -1.17763 -1.25416 -0.569702 -0.417343 -0.211177 -0.205586 0.0337411 
7.19444 -1.23777 -1.32535 -0.588496 -0.42803 -0.214589 -0.208832 0.0342735 
7.28079 -1.29998 -1.39906 -0.607884 -0.439036 -0.218093 -0.212165 0.03482 
7.36911 -1.36433 -1.47539 -0.627891 -0.450373 -0.221692 -0.215587 0.0353812 
7.45947 -1.43093 -1.55447 -0.648543 -0.462055 -0.22539 -0.219102 0.0359577 
7.55195 -1.49987 -1.63641 -0.669866 -0.474096 -0.22919 -0.222714 0.03655 
7.64663 -1.57124 -1.72133 -0.691889 -0.48651 -0.233096 -0.226427 0.0371588 
7.74358 -1.64516 -1.80938 -0.71464 -0.499313 -0.237113 -0.230243 0.0377847 
7.84289 -1.72174 -1.90068 -0.738152 -0.512521 -0.241244 -0.234168 0.0384284 
7.94465 -1.8011 -1.99539 -0.762457 -0.526152 -0.245495 -0.238206 0.0390905 
8.04896 -1.88336 -2.09365 -0.787589 -0.540222 -0.24987 -0.242361 0.0397719 
8.1559 -1.96866 -2.19565 -0.813587 -0.554751 -0.254374 -0.246638 0.0404733 
8.26559 -2.05712 -2.30154 -0.840487 -0.56976 -0.259013 -0.251043 0.0411956 
8.37813 -2.14892 -2.41152 -0.868332 -0.585269 -0.263793 -0.25558 0.0419395 
8.49364 -2.24419 -2.52577 -0.897164 -0.6013 -0.268719 -0.260254 0.0427061 
8.61223 -2.3431 -2.64451 -0.927028 -0.617878 -0.273797 -0.265073 0.0434964 
8.73404 -2.44583 -2.76795 -0.957974 -0.635027 -0.279035 -0.270042 0.0443112 
8.8592 -2.55257 -2.89633 -0.990052 -0.652774 -0.284439 -0.275169 0.0451518 
8.98785 -2.66351 -3.02988 -1.02332 -0.671146 -0.290017 -0.280458 0.0460193 
9.12015 -2.77886 -3.16887 -1.05783 -0.690174 -0.295777 -0.28592 0.0469148 
9.25624 -2.89884 -3.31358 -1.09364 -0.709888 -0.301726 -0.29156 0.0478397 
9.39631 -3.0237 -3.46429 -1.13082 -0.730323 -0.307875 -0.297388 0.0487954 
9.54052 -3.15367 -3.62133 -1.16945 -0.751514 -0.314232 -0.303412 0.0497832 
9.68907 -3.28903 -3.78503 -1.20958 -0.773498 -0.320807 -0.309642 0.0508048 
9.84216 -3.43006 -3.95574 -1.25131 -0.796316 -0.327611 -0.316088 0.0518618 
10 -3.57707 -4.13385 -1.2947 -0.820011 -0.334656 -0.32276 0.0529558 
