0 -4.760426049956 -0.01727091221721 577.4775862489 -15.50886463381 
0.0003255909676425 -4.577580175692 -0.01680763495491 567.1822727196 -15.41725584356 
0.0003567109701508 -4.560214973751 -0.01676363080435 566.203278669 -15.40851484659 
0.000390562861502 -4.541347323527 -0.01671581820204 565.1393374737 -15.39900948188 
0.0004273637989549 -4.520861943784 -0.01666390471003 563.9838846378 -15.38867955469 
0.0004673462497551 -4.498636171284 -0.01660757912718 562.7299266896 -15.37746072954 
0.0005107589171993 -4.474539645198 -0.01654651064118 561.3700211095 -15.36528429155 
0.00055786771192 -4.448433988438 -0.01648034806271 559.8962560497 -15.35207691425 
0.000608956769832 -4.420172505445 -0.01640871901724 558.3002302989 -15.33776040526 
0.0006643295183739 -4.389599887956 -0.01633122918468 556.5730334369 -15.3222514494 
0.0007243097924936 -4.356551938252 -0.01624746157978 554.7052264826 -15.30546134409 
0.0007892430019918 -4.320855313672 -0.01615697588477 552.6868231945 -15.28729572739 
0.0008594973517961 -4.282327299136 -0.01605930784351 550.5072723281 -15.26765429866 
0.0009354651166971 -4.240775611991 -0.01595396873967 548.1554410844 -15.24643053448 
0.001017563972144 -4.19599824891 -0.01584044497249 545.6196001191 -15.22351139824 
0.001106238382664 -4.147783380127 -0.0157181977488 542.8874104281 -15.19877704641 
0.001201961049496 -4.095909301967 -0.01558666292218 539.9459125548 -15.17210053222 
0.001305234418963 -4.040144456778 -0.01544525098617 536.7815185499 -15.14334750636 
0.001416592253167 -3.980247531045 -0.0152933472669 533.3800071944 -15.11237591891 
0.001536601264562 -3.915967643895 -0.01513031233225 529.7265230416 -15.07903572242 
0.001665862815908 -3.847044639256 -0.01495548265572 525.8055798949 -15.04316857905 
0.001805014687162 -3.773209495789 -0.01476817156696 521.6010693929 -15.00460757371 
0.001954732910742 -3.694184870414 -0.01456767052942 517.0962754436 -14.96317693626 
0.002115733676716 -3.609685792347 -0.01435325078483 512.2738953105 -14.91869177542 
0.002288775309311 -3.519420525423 -0.01412416540871 507.1160682182 -14.87095782814 
0.002474660316171 -3.423091618724 -0.01387965182676 501.6044124255 -14.81977122816 
0.002674237511774 -3.320397165606 -0.01361893483701 495.7200717662 -14.76491829792 
0.002888404216356 -3.211032293223 -0.01334123019605 489.4437727411 -14.70617536895 
0.003118108531625 -3.094690905431 -0.01304574882133 482.7558933035 -14.64330863588 
0.003364351694574 -2.971067702521 -0.01273170166662 475.6365445401 -14.57607405019 
0.003628190510668 -2.839860502578 -0.01239830533096 468.0656665121 -14.50421726024 
0.003910739867441 -2.700772889082 -0.01204478845785 460.0231395661 -14.42747360497 
0.004213175329815 -2.553517209989 -0.01167039898716 451.4889124607 -14.34556816939 
0.004536735818106 -2.397817952458 -0.0112744123134 442.4431486751 -14.2582159107 
0.004882726369726 -2.233415517757 -0.01085614040979 432.8663922827 -14.16512186493 
0.005252520985644 -2.060070418021 -0.01041494196666 422.7397547376 -14.06598144462 
0.005647565562389 -1.877567915592 -0.009950233591021 412.045123897 -13.96048083955 
0.006069380910473 -1.685723121948 -0.009461502102877 400.7653965134 -13.84829753271 
0.006519565860008 -1.484386569728 -0.008948317958336 388.8847353298 -13.72910094587 
0.006999800454172 -1.273450265732 -0.00841034980816 376.3888517423 -13.60255322909 
0.007511849231123 -1.052854226993 -0.00784738019383 363.2653148005 -13.46831021074 
0.008057564594932 -0.822593494109 -0.007259322353812 349.503887046 -13.32602252449 
0.008638890275953 -0.5827256060262 -0.00664623809575 335.0968873554 -13.17533693238 
0.009257864880974 -0.3333785108209 -0.006008356657409 320.0395805673 -13.01589786253 
0.009916625533474 -0.07475887219668 -0.005346094450691 304.3305931705 -12.84734918272 
0.0106174116041 0.1928392817897 -0.004660075539585 287.9723537773 -12.66933623053 
0.01136256853155 0.4690256394729 -0.003951152668137 270.9715564296 -12.48150812289 
0.01215455173372 0.75330450628 -0.003220428597352 253.3396440196 -12.28352036718 
0.01299593060914 1.045065637509 -0.002469277467338 235.0933082331 -12.07503779782 
0.01388939262844 1.343575138692 -0.001699365832075 216.255001436 -11.85573786069 
0.0148377475155 1.647966595286 -0.0009126729615643 196.8534548223 -11.62531426895 
0.01584393151797 1.957232620464 -0.0001115099330976 176.9241959392 -11.38348105153 
0.01691101176648 2.270217039211 0.0007014630328169 156.510057384 -11.12997701493 
0.01804219072213 2.585607957468 0.00152322160857 135.6616670517 -10.86457063604 
0.01924081071129 2.901931995099 0.002350365455424 114.4379088304 -10.58706540062 
0.02051035854702 3.217549992953 0.003179110134736 92.90634106957 -10.29730559779 
0.02185447023607 3.53065453297 0.00400528365649 71.14355857123 -9.995182575043 
0.02327693577038 3.83926963758 0.004824328541072 49.23548225911 -9.680641451206 
0.02478170400191 4.141253037362 0.005631310316193 27.27755915539 -9.353688275941 
0.02637288759942 4.434301414514 0.006420933399876 5.374853845974 -9.014397613829 
0.02805476808581 4.715959039348 0.007187565327704 -16.35798863422 -8.662920518121 
0.02983180095447 4.983630218046 0.007925270265339 -37.79692958627 -8.299492843921 
0.03170862086287 5.234595960497 0.008627852697473 -58.80889488685 -7.924443833816 
0.03369004690169 5.466035250456 0.009288912097226 -79.25232670256 -7.538204887633 
0.03578108793749 5.67505126007 0.009901909248598 -98.97795042372 -7.141318405917 
0.03798694802682 5.858702790091 0.01046024471404 -117.8297776238 -6.734446571068 
0.04031303189979 6.014041133275 0.01095734970208 -135.6463641195 -6.318379901104 
0.04276495051047 6.138152453564 0.01138678929476 -152.2623396101 -5.894045381233 
0.04534852665197 6.228205639934 0.01174237763463 -167.51022173 -5.462513944846 
0.04806980063354 6.281505434517 0.01201830424665 -181.2225225976 -5.025007041466 
0.05093503601692 6.295550447577 0.01220927018217 -193.2341499591 -4.582901994279 
0.05395072540927 6.268095457086 0.01231063212572 -203.3850977577 -4.137735814378 
0.05712359630955 6.197217151712 0.01231855200266 -211.5234123534 -3.691207106273 
0.06046061700557 6.081382214853 0.01223014899066 -217.508410706 -3.245175668331 
0.06396900251813 5.919516370594 0.01204365017273 -221.2141156515 -2.801659367347 
0.06765622058927 5.711072726893 0.01175853540873 -222.5328611118 -2.362827848794 
0.07152999771099 5.456097467543 0.01137567137427 -221.3790068641 -1.930992636607 
0.07559832519087 5.155290673701 0.01089742914085 -217.6926886778 -1.508593182563 
0.07986946525098 4.810059814263 0.01032777921392 -211.4435155895 -1.09817844665 
0.08435195715611 4.422563247496 0.009672357627151 -202.6341123455 -0.7023836315736 
0.08905462336756 3.995740944627 0.008938496575477 -191.3033921882 -0.3239017593394 
0.09398657571812 3.533329598444 0.008135213202368 -177.5294339168 0.03455013172741 
0.09915722160435 3.03985933872 0.007273150591719 -161.4318283012 0.3702702711928 
0.1045762701916 2.520629460993 0.006364465790264 -143.1733533453 0.6806168723117 
0.1102537386273 1.981660906163 0.005422660852189 -122.9608364889 0.9630580454585 
0.1161999582583 1.429623719109 0.004462354475732 -101.0450655094 1.215226459276 
0.122425580847 0.8717383778964 0.003498993796115 -77.71961951402 1.434978050818 
0.1289415847819 0.315650722919 0.002548508313358 -53.31850776112 1.620453811403 
0.1357592812774 -0.2307187775045 0.001626910710317 -28.21252769269 1.770143377498 
0.1428903205578 -0.7593495283667 0.0007498524018355 -2.804284870204 1.882948846673 
0.1503466980203 -1.262315896597 -6.785506617435e-05 22.47814352102 1.958246928374 
0.1581407603723 -1.731998343847 -0.0008127383168725 47.18887364066 1.995947241811 
0.1662852117359 -2.161304675576 -0.001473162477181 70.87312772622 1.996544308718 
0.1747931197167 -2.543894143415 -0.002039813004959 93.07725600712 1.961160575131 
0.1836779214279 -2.874395938037 -0.00250613616243 113.3596681351 1.891577657087 
0.1929534294678 -3.148612639373 -0.002868713794925 131.3024126191 1.790252964973 
0.2026338378408 -3.363698551515 -0.003127547666012 146.5230831249 1.660318942214 
0.2127337278194 -3.518302639325 -0.003286229488882 158.6866764713 1.505562379523 
0.2232680737388 -3.612666096892 -0.003351975191867 167.5169824617 1.330381654672 
0.2342522487183 -3.64866548949 -0.003335505982384 172.8070541451 1.139720312943 
0.2457020303044 -3.629793972658 -0.003250764482391 174.428292458 0.9389761508007 
0.2576336060276 -3.561075320122 -0.003114461523609 172.3376848188 0.7338858904512 
0.2700635788669 -3.448908360201 -0.00294545791699 166.5827658387 0.5303866201515 
0.2830089726155 -3.300842850203 -0.002763995310889 157.3039216191 0.3344563932233 
0.2964872371412 -3.125291677634 -0.002590800634013 144.733737586 0.1519376837887 
0.3105162535332 -2.93118837823 -0.002446098961679 129.1931924399 -0.01165127041645 
0.3251143391307 -2.727603063811 -0.002348579217251 111.0846248221 -0.1513109222558 
0.3403002524233 -2.523333676289 -0.002314365108958 90.88154020043 -0.2627531954641 
0.3560931978189 -2.326492718216 -0.002356049290201 69.11547699088 -0.3425841891192 
0.372512830269 -2.144111940702 -0.002481851138525 46.36030527866 -0.3884677911453 
0.3895792597471 -1.981788598931 -0.002694957129381 23.21447966758 -0.3992609809362 
0.407313055569 -1.843396565709 -0.002993097101461 0.2819001203208 -0.3751118833014 
0.4257352505512 -1.730883653219 -0.003368399613269 -21.84785856621 -0.3175124622736 
0.4448673449965 -1.644172865618 -0.003807555273886 -42.61911578838 -0.2292991439178 
0.4647313105013 -1.581180052425 -0.004292298979014 -61.52858966856 -0.1145966258479 
0.4853495935753 -1.537953759946 -0.004800201380797 -78.14199130368 0.02129738040425 
0.5067451190659 -1.508935334222 -0.00530573800893 -92.10792984636 0.1720858115308 
0.5289412933803 -1.487329002197 -0.005781582900509 -103.168465045 0.3307004486794 
0.5519620074954 -1.465563341587 -0.006200054195737 -111.1658032649 0.4895774552773 
0.5758316397484 -1.435817911703 -0.006534623786153 -116.0448279352 0.6409698357803 
0.6005750583996 -1.390582537651 -0.006761393450867 -117.8513742748 0.7772834892937 
0.6262176239589 -1.32321245608 -0.00686043735748 -116.7263870036 0.8914211804391 
0.6527851912673 -1.228440766252 -0.006816916178577 -112.8963230394 0.9771171690573 
0.6803041113255 -1.102810736799 -0.006621881564836 -106.6603631898 1.029244611706 
0.7088012328599 -0.9449946210931 -0.006272710739479 -98.37516297317 1.044078299865 
0.7383039036186 -0.755972597892 -0.00577313818548 -88.43799078398 1.019496888845 
0.7688399713875 -0.539054873208 -0.005132882700261 -77.26916313611 0.9551114743379 
0.8004377847188 -0.2997411947869 -0.004366900860552 -65.29468763429 0.8523110762926 
0.8331261933616 -0.045424175432 -0.003494329181054 -52.9299655409 0.7142200959689 
0.8669345483871 0.2150451098844 -0.002537203938443 -40.56529318674 0.5455678460868 
0.9018927019991 0.4718998449475 -0.001519067001219 -28.55374528196 0.3524754854929 
0.9380310070197 0.7150702788677 -0.0004635758834854 -17.20183714626 0.1421707532079 
0.9753803160432 0.9348225149498 0.0006067646921491 -6.763162853655 -0.0773545764749 
1.013971980247 1.122376843944 0.001671644439984 2.564991296221 -0.2977259474441 
1.053837847851 1.270460651577 0.00271367928885 10.64223828171 -0.5105849259099 
1.09501026222 1.373756112167 0.003718780657379 17.38321602788 -0.7079835710589 
1.137522059593 1.429211335815 0.004676145390717 22.75368515234 -0.8827524187432 
1.181406566435 1.436194613854 0.005577887162372 26.76510026206 -1.028821995181 
1.226697596404 1.396483915791 0.006418365845578 29.46817425313 -1.141480857822 
1.273429446919 1.31409670485 0.00719330149449 30.94593132175 -1.217557317456 
1.321636895321 1.194977310263 0.00789878105747 31.30668634808 -1.255516915233 
1.371355194626 1.046569471148 0.008530276585397 30.67730585204 -1.255473041696 
1.422620068848 0.8773093960137 0.009081792433599 29.19700994204 -1.219113402041 
1.47546770789 0.6960791902892 0.009545245968794 27.01187658793 -1.149549974194 
1.529934762001 0.5116615442583 0.009910162977153 24.27011889947 -1.051104338669 
1.586058335771 0.3322342326948 0.01016373775502 21.11813047232 -0.9290435160607 
1.643875981682 0.1649376523322 0.01029127194192 17.69723814411 -0.7892835520495 
1.703425693177 0.01554096089253 0.0102769691112 14.14106765098 -0.6380789612163 
1.764745897267 -0.1117768008333 0.0101050275577 10.57341493309 -0.4817157987564 
1.827875446645 -0.214524030323 0.009760944839418 7.106521196487 -0.3262246814228 
1.892853611308 -0.2918753092206 0.009232926981059 3.839668706604 -0.1771277084314 
1.959720069687 -0.3445430772139 0.008513284467989 0.8580412649828 -0.03923017499552 
2.028514899263 -0.3745606112609 0.007599696870861 -1.768177062309 0.08353550902231 
2.099278566665 -0.3849995035002 0.006496237748665 -3.984464015007 0.188209913859 
2.172051917251 -0.3796474010408 0.005214070089298 -5.752359723787 0.2728504434088 
2.246876164157 -0.3626721207536 0.003771747949719 -7.049570697709 0.336521893749 
2.323792876806 -0.3382965947602 0.002195089683365 -7.86973880747 0.379239363323 
2.402843968877 -0.310505794325 0.0005166195183277 -8.221842792971 0.4018712414553 
2.484071685719 -0.28280227138 -0.001225395329551 -8.129213589446 0.4060113980084 
2.567518591215 -0.2580217401419 -0.002988257674048 -7.628164183668 0.3938304004684 
2.653227554076 -0.2382146811958 -0.004726427148248 -6.76625718732 0.3679156337997 
2.741241733572 -0.224594725063 -0.006393288788967 -5.600256177519 0.3311096705305 
2.831604564689 -0.2175499225413 -0.007943002887824 -4.193827654283 0.2863552383024 
2.924359742707 -0.2167092007331 -0.009332334157912 -2.615077195977 0.2365537808817 
3.019551207196 -0.2210535000419 -0.0105223634918 -0.9340146350845 0.1844430333854 
3.117223125423 -0.229059352786 -0.01147999654997 0.7799519489701 0.1324973564938 
3.217419875175 -0.2388619741069 -0.01217919889227 2.460395063003 0.08285290969447 
3.320186026983 -0.248425193908 -0.01260190594245 4.046028543892 0.03725818514534 
3.425566325751 -0.2557066148571 -0.01273857629482 5.482571882012 -0.002950953924363 
3.533605671791 -0.2588080530206 -0.01258837732842 6.724256345518 -0.03685373046378 
3.644349101251 -0.2561034069839 -0.01215901152911 7.734930295474 -0.06392728654415 
3.75784176595 -0.246338413241 -0.01146620929078 8.488741467848 -0.08401337677745 
3.874128912606 -0.2286991004836 -0.01053292848122 8.970394269003 -0.0972727435474 
3.993255861463 -0.2028479988467 -0.009388312196398 9.174999105436 -0.1041310847619 
4.115267984322 -0.1689291690254 -0.008066463631973 9.107547481632 -0.1052203988433 
4.240210681967 -0.1275448018705 -0.00660510086125 8.782060338809 -0.1013191890459 
4.368129360996 -0.07970744659896 -0.005044154720216 8.220467420031 -0.09329457239733 
4.499069410056 -0.02677283238852 -0.003424370327378 7.451282138192 -0.08204881065716 
4.633076175488 0.02964124155486 -0.001785967493754 6.508139525272 -0.06847220280251 
4.770194936384 0.08774433083562 -0.0001674079687458 5.428264582451 -0.05340368804541 
4.910470879062 0.1456656516333 0.001395691285071 4.250935112832 -0.03759993721048 
5.053949070957 0.2015442841972 0.002871469199217 3.01599739009 -0.02171318454756 
5.200674433956 0.2536129472342 0.004232536400767 1.762485354022 -0.006277591064714 
5.350691717153 0.3002718142774 0.005456485721596 0.5273850063235 0.008296452566377 
5.50404546906 0.3401497207478 0.006526196512372 -0.6554241214061 0.02172097356455 
5.660780009266 0.3721510111916 0.007429939989287 -1.756028608384 0.03382311641893 
5.82093939956 0.3954871510612 0.008161299778536 -2.749129906277 0.04453312309671 
5.984567414531 0.4096930362314 0.008718927410277 -3.614479445166 0.05386887325453 
6.151707511647 0.4146286454926 0.00910615667984 -4.337105581627 0.06191824590649 
6.322402800836 0.410467275452 0.009330503539931 -4.907344994869 0.06882048919447 
6.496696013581 0.3976720613846 0.009403079577746 -5.320696930309 0.07474766517785 
6.674629471535 0.3769628177188 0.009337947279819 -5.577523100216 0.07988708417198 
6.856245054681 0.3492754309672 0.009151444346261 -5.682619076791 0.08442547002029 
7.04158416905 0.3157161147961 0.008861502461328 -5.644684712538 0.08853541474914 
7.230687714008 0.2775128046798 0.008486983349225 -5.475721600726 0.09236449817753 
7.423596049146 0.2359658443502 0.008047051835471 -5.190384985586 0.09602727338615 
7.620348960779 0.1923999159455 0.007560602183006 -4.805316011428 0.09960015922495 
7.820985628072 0.1481189091039 0.007045750353252 -4.338477939965 0.1031191411086 
8.025544588834 0.1043651294668 0.006519401213085 -3.80851714672 0.1065800646476 
8.234063704978 0.06228393163034 0.005996896203894 -3.234166508267 0.1099412148683 
8.446580127689 0.02289454104251 0.005491743721234 -2.633705378318 0.1131278075289 
8.663130262318 -0.01293248256956 0.005015431508597 -2.024486873908 0.1160379774178 
8.883749733022 -0.04449097974804 0.00457731781042 -1.422539784577 0.1185498301021 
9.108473347193 -0.07124822667934 0.004184595895869 -0.8422491881243 0.1205291258198 
9.337335059682 -0.09284760244351 0.0038423248751 -0.2961168944927 0.1218371843051 
9.570367936871 -0.109105408106 0.003553518482738 0.2053997895102 0.1223386339863 
9.807604120599 -0.1200025052961 0.00331928268347 0.6539747332383 0.1219086750017 
10.04907479199 -0.1256715481742 0.003138992532156 1.043430699764 0.1204395793109 
10.29481013522 -0.1263806490855 0.003010498657564 1.369695153245 0.117846209881 
10.54483930122 -0.1225143474359 0.002930353988409 1.630702237417 0.1140704014276 
10.7991903714 -0.1145527471992 0.002894051852864 1.826249660702 0.1090841049734 
11.05789032138 -0.103049655434 0.002896267306458 1.957819526222 0.1028912553689 
11.32096498483 -0.08861049710104 0.002931094426325 2.028372133736 0.0955283730641 
11.58843901736 -0.07187070543778 0.002992273302839 2.042121498214 0.08706395751948 
11.86033586059 -0.05347519712941 0.003073401516509 2.004300821471 0.07759676871407 
12.13667770636 -0.03405944238088 0.00316812596689 1.920925465299 0.06725312467766 
12.41748546121 -0.01423253616975 0.003270311984907 1.798560152076 0.05618336665199 
12.7027787111 0.005437427538528 0.003374187679541 1.644096204974 0.04455765945368 
12.9925756864 0.02443547853352 0.003474462419195 1.464543674212 0.03256130319587 
13.28689322725 0.04230928599099 0.003566419208299 1.26684221409 0.02038973435242 
13.58574674929 0.05867605089728 0.003645981476844 1.057693608837 0.00824338987865 
13.88915020987 0.07322683742838 0.003709755446238 0.8434179194484 -0.003677401378183 
14.19711607463 0.08572847273279 0.003755049764987 0.629834360208 -0.01517734956012 
14.50965528468 0.09602320025689 0.003779874522618 0.4221672285083 -0.02607082373105 
14.82677722429 0.1040263155968 0.003782922053229 0.2249765166433 -0.03618604728231 
15.14848968921 0.1097220460645 0.003763532137759 0.0421122366142 -0.04536877644039 
15.47479885563 0.1131579561841 0.003721644314839 -0.1233090074822 -0.05348539146289 
15.80570924983 0.1144381720253 0.003657740024399 -0.2689070606342 -0.06042535204796 
16.14122371856 0.1137157185717 0.003572777246949 -0.3930230301302 -0.06610298976336 
16.48134340023 0.1111842573689 0.003468120176807 -0.4946882336424 -0.07045863035832 
16.8260676969 0.1070694977126 0.003345466291236 -0.5735797631876 -0.07345905720448 
17.17539424717 0.101620534883 0.003206772961176 -0.6299651865536 -0.07509734349417 
17.52931889998 0.09510134466873 0.00305418550436 -0.6646388799393 -0.07539209493938 
17.88783568938 0.08778263585568 0.002889968318298 -0.6788523990336 -0.07438615642098 
18.25093681029 0.07993423265178 0.002716440458277 -0.6742411608903 -0.0721448452971 
18.61861259539 0.07181812820523 0.00253591675276 -0.652749535116 -0.06875378085276 
18.990851493 0.06368231942185 0.002350655282138 -0.6165562401012 -0.06431638381869 
19.3676400462 0.05575550298964 0.002162811793092 -0.5680017166645 -0.05895112204783 
19.7489628731 0.04824268360371 0.001974401384325 -0.5095189162202 -0.05278857859723 
20.13480264832 0.04132171838821 0.001787267584108 -0.4435687002661 -0.04596841672588 
20.52514008581 0.03514079690252 0.001603058748218 -0.372580809494 -0.03863631303471 
20.91995392292 0.02981683420248 0.001423211540539 -0.2989011292116 -0.03094092528272 
21.31922090582 0.0254347354179 0.001248941118139 -0.2247457578359 -0.02303095565073 
21.7229157764 0.02204747432965 0.00108123752833 -0.1521621805303 -0.01505236361486 
22.13101126051 0.01967691547996 0.0009208677364524 -0.08299766322306 -0.007145775351452 
22.54347805768 0.01831529939121 0.0007683826383867 -0.01887481534685 0.0005558709917555 
22.96028483241 0.01792730337271 0.0006241283699215 0.03882587617551 0.007929412591336 
23.38139820695 0.01845258598035 0.000488261203796 0.08897686351773 0.01486325798923 
23.80678275561 0.01980872125603 0.0003607653224637 0.1307081295727 0.02125887558819 
24.23640100079 0.02189442915614 0.0002414727681871 0.1634060608512 0.02703196553928 
24.6702134105 0.02459301082285 0.0001300848993075 0.1867071695004 0.03211331268949 
25.10817839767 0.02777590127333 2.619472046132e-05 0.2004872751614 0.0364493244812 
25.55025232105 0.03130625741008 -7.069049754622e-05 0.204846782864 0.04000226326401 
25.99638948786 0.03504250571291 -0.0001611268374958 0.2000927030595 0.04275018739272 
26.44654215819 0.03884178128948 -0.0002457120644996 0.186718055909 0.04468661969865 
26.90066055112 0.04256319789972 -0.0003250650702197 0.1653792859159 0.04581996541043 
27.35869285261 0.04607089688464 -0.0003998067746788 0.1368722868598 0.0461727044093 
27.8205852252 0.0492368314295 -0.0004705427637892 0.1021076023288 0.04578038478476 
28.28628181952 0.05194325106948 -0.0005378478779728 0.06208532599325 0.04469044613016 
28.75572478753 0.05408485965968 -0.0006022529072305 0.01787017943774 0.04296090182469 
29.2288542977 0.05557062802395 -0.0006642334912867 -0.02943280439335 0.04065890983173 
29.70560855192 0.05632525007464 -0.0007242012709268 -0.07870161605501 0.03785926127568 
30.18592380432 0.05629023823967 -0.0007824972887678 -0.1288192995179 0.0346428153563 
30.66973438181 0.05542466050425 -0.0008393875948063 -0.1786944066501 0.03109490804425 
31.15697270658 0.05370552719692 -0.0008950609744832 -0.2272796573731 0.02730376054738 
31.64756932036 0.0511278408089 -0.0009496286845936 -0.2735886363751 0.02335891180823 
32.14145291048 0.04770432660623 -0.001003126055369 -0.316710404516 0.01934969732479 
32.6385503378 0.04346486558494 -0.001055515795078 -0.3558219472904 0.01536379445811 
33.13878666642 0.03845565443033 -0.001106692816479 -0.3901984235278 0.01148585214143 
33.64208519514 0.03273811961319 -0.001156490392177 -0.4192212146974 0.007796220566482 
34.14836749075 0.02638761459532 -0.001204687437847 -0.442383808451 0.004369794075914 
34.65755342302 0.01949193038824 -0.001251016718346 -0.459295579472 0.001274978127589 
35.16956120145 0.01214965043248 -0.001295173771237 -0.4696835561248 -0.001427211112988 
35.68430741373 0.004468381006034 -0.001336826345068 -0.4733922830629 -0.003683908243618 
36.20170706581 -0.003437111838954 -0.001375624155339 -0.4703819078048 -0.005451017006145 
36.72167362369 -0.01144682840439 -0.001411208769055 -0.4607246336578 -0.006693683469078 
37.24411905679 -0.01943749507622 -0.001443223438847 -0.4445996923319 -0.007386623814241 
37.7689538829 -0.02728452942411 -0.001471322719324 -0.4222869974649 -0.007514308314969 
38.29608721466 -0.03486398391721 -0.001495181711387 -0.3941596453096 -0.007071004720384 
38.82542680753 -0.0420544431888 -0.001514504794261 -0.3606754311733 -0.006060685736374 
39.35687910925 -0.04873885161756 -0.001529033719823 -0.322367550362 -0.004496806624641 
39.89034931066 -0.05480624996465 -0.001538554959015 -0.2798346502923 -0.002401960109819 
40.4257413979 -0.06015340184862 -0.001542906205623 -0.2337303967103 0.0001925832005164 
40.96295820594 -0.06468629295289 -0.001541981958214 -0.1847527115543 0.003247439792661 
41.50190147334 -0.06832148798619 -0.00153573811633 -0.133632833367 0.006715773816771 
42.04247189819 -0.07098733255776 -0.001524195542146 -0.08112434341186 0.01054404283261 
42.58456919526 -0.07262498924429 -0.001507442553372 -0.027992292016 0.01467281785941 
43.12809215418 -0.07318929920829 -0.001485636327331 0.02499744960054 0.01903766649788 
43.67293869866 -0.07264946276304 -0.001459003209615 0.07708849659517 0.02357008766387 
44.21900594667 -0.07098953425174 -0.00142783793356 0.1275438115954 0.02819848633291 
44.76619027156 -0.06820872851162 -0.001392501768966 0.1756550246934 0.03284917665613 
45.31438736392 -0.06432153802449 -0.00135341962986 0.220751127918 0.03744740185533 
45.86349229429 -0.05935766160407 -0.001311076181771 0.2622064701924 0.04191835943388 
46.41339957653 -0.05336174714075 -0.001266010998956 0.2994479891746 0.0461882204363 
46.96400323184 -0.04639295250689 -0.00121881283115 0.3319616265424 0.05018513175483 
47.51519685329 -0.03852433023769 -0.001170113047889 0.359297883315 0.05384019081541 
48.06687367088 -0.02984204302133 -0.001120578336207 0.3810764814831 0.05708838234777 
48.61892661697 -0.02044441838504 -0.001070902734502 0.3969901076531 0.05986946739087 
49.17124839211 -0.01044085223225 -0.001021799091765 0.4068072235032 0.06212881516118 
49.72373153104 4.942790774162e-05 -0.0009739900470104 0.4103739366405 0.06381816895193 
50.27626846896 0.01089872793459 -0.0009281986288002 0.4076149338031 0.06489633779759 
50.82875160789 0.02197236747977 -0.0008851385791103 0.3985334864979 0.06532980626974 
51.38107338303 0.0331302614118 -0.0008455045095377 0.3832105468386 0.06509325542906 
51.93312632912 0.04422858756259 -0.0008099620009474 0.3618029587233 0.06416998866583 
52.48480314671 0.05512152482641 -0.0007791377600578 0.3345408165733 0.0625522569199 
53.03599676816 0.06566304498238 -0.0007536099482728 0.3017240105068 0.06024147856376 
53.58660042347 0.07570874085734 -0.0007338987991201 0.2637180032361 0.05724835007854 
54.13650770571 0.08511767278752 -0.0007204576410077 0.2209488899768 0.05359284454552 
54.68561263608 0.09375421474726 -0.0007136644416111 0.1738977984205 0.04930409591427 
55.23380972844 0.1014898810198 -0.0007138139889983 0.1230946911226 0.0444201679945 
55.78099405333 0.1082051138689 -0.0007211108225022 0.0691116377492 0.03898770816304 
56.32706130134 0.1137910123614 -0.000735663023399 0.01255562925431 0.03306148685854 
56.87190784582 0.1181509822982 -0.000757476971509 -0.04593898969035 0.02670382506722 
57.41543080474 0.1212022871273 -0.0007864531687801 -0.1057183897508 0.01998391319576 
57.95752810181 0.1228774797844 -0.0008223832248911 -0.1661173438692 0.01297702593444 
58.49809852666 0.1231256956132 -0.0008649480926093 -0.2264674454854 0.005763638979234 
59.03704179406 0.1219137869021 -0.0009137176321033 -0.2861053690342 -0.001571545221964 
59.5742586021 0.1192272801367 -0.0009681515736435 -0.3443810818885 -0.008940654228337 
60.10965068934 0.1150711378314 -0.001027601936955 -0.400665915677 -0.01625377506753 
60.64312089075 0.1094703077843 -0.001091316952886 -0.4543604044028 -0.02342014526219 
61.17457319247 0.1024700438094 -0.001158446519119 -0.5049017969753 -0.03034939296964 
61.70391278534 0.09413598346687 -0.001228049206145 -0.5517711528528 -0.03695281249032 
62.2310461171 0.08455397003156 -0.001299100812872 -0.5944999313473 -0.04314466015316 
62.75588094321 0.07382960794181 -0.001370504452877 -0.6326759880192 -0.04884345441005 
63.27832637631 0.06208754325911 -0.001441102132611 -0.6659488954244 -0.05397326288157 
63.79829293419 0.04947046324529 -0.001509687761876 -0.6940345103649 -0.05846495812461 
64.31569258627 0.03613781204676 -0.001575021514625 -0.7167187157871 -0.0622574230585 
64.83043879855 0.02226422264712 -0.001635845434975 -0.7338602725966 -0.06529868633625 
65.34244657698 0.008037668720093 -0.00169090015909 -0.7453927249335 -0.067546967478 
65.85163250925 -0.006342656235449 -0.001738942598956 -0.7513253119286 -0.06897161138336 
66.35791480486 -0.02066872108427 -0.00177876440885 -0.7517428495397 -0.06955389186677 
66.86121333358 -0.03472628491715 -0.001809211030211 -0.7468045578488 -0.06928766422495 
67.3614496622 -0.04829775047595 -0.001829201085779 -0.7367418220065 -0.06817984752147 
67.85854708952 -0.06116521840192 -0.001837745869739 -0.7218548888517 -0.06625071832354 
68.35243067964 -0.07311371282242 -0.001833968657742 -0.702508515955 -0.06353399906706 
68.84302729342 -0.08393454398371 -0.00181712353952 -0.6791266053513 -0.0600767260958 
69.33026561819 -0.09342876884839 -0.001786613457856 -0.652185870276 -0.05593888471655 
69.81407619568 -0.1014107058654 -0.001742007121651 -0.622208599745 -0.05119280138531 
70.29439144808 -0.1077114555942 -0.001683054448272 -0.5897546024452 -0.04592228636588 
70.7711457023 -0.1121823746127 -0.001609700181924 -0.555412427934 -0.04022152390703 
71.24427521247 -0.1146984462626 -0.001522095331148 -0.5197899793116 -0.03419371114494 
71.71371818048 -0.1151614884116 -0.001420606070422 -0.4835046469247 -0.02794945154441 
72.1794147748 -0.1135031356541 -0.001305819758743 -0.4471731069766 -0.02160491370505 
72.64130714739 -0.1096875313541 -0.001178547742842 -0.4114009418059 -0.01527977174375 
73.09933944888 -0.1037136638011 -0.001039824634661 -0.3767722495781 -0.009094949144704 
73.55345784181 -0.09561728061054 -0.0008909037826971 -0.3438394199176 -0.003170193890472 
74.00361051214 -0.08547231650786 -0.0007332486949527 -0.3131132580843 0.002378481267557 
74.44974767895 -0.07339177189666 -0.0005685202180755 -0.2850536433938 0.00744145345629 
74.89182160233 -0.05952798325375 -0.00039855933286 -0.260060907176 0.01191819333482 
75.3297865895 -0.04407223151353 -0.0002253654907551 -0.238468111536 0.01571996610744 
75.76359899921 -0.02725364129558 -5.107048911184e-05 -0.2205344019723 0.018772472936 
76.19321724439 -0.009337332149969 0.0001220920356271 -0.2064395946077 0.0210183710536 
76.61860179305 0.009378207009798 0.0002918213284811 -0.1962801419364 0.02241960693077 
77.03971516759 0.02856453744341 0.0004557881858451 -0.1900665998533 0.02295949385732 
77.45652194232 0.04786748792009 0.0006116772087428 -0.187722693049 0.02264446352694 
77.86898873949 0.0669121587832 0.0007572321672154 -0.1890860461636 0.02150542079324 
78.2770842236 0.08530868530479 0.0008903038951553 -0.1939106143816 0.01959863199651 
78.68077909418 0.1026587152258 0.001008900025542 -0.2018708101523 0.01700608025303 
79.08004607708 0.118562536648 0.001111235768679 -0.2125672829491 0.0138352261096 
79.47485991419 0.1326267729143 0.001195784832837 -0.2255342672759 0.0102181190983 
79.86519735168 0.1444725411243 0.001261329490838 -0.2402483713875 0.006309815153389 
80.2510371269 0.1537439509018 0.001307008710488 -0.2561386367194 0.00228606661532 
80.6323599538 0.1601168003755 0.001332363194708 -0.2725976568256 -0.001659734279393 
81.009148507 0.1633073076039 0.00133737612214 -0.2889935063367 -0.005320360993718 
81.38138740461 0.1630806984103 0.00132250834429 -0.3046821965049 -0.008479291150357 
81.74906318971 0.1592594563934 0.001288726784397 -0.3190203457833 -0.01091594073862 
82.11216431062 0.1517310283975 0.001237524799353 -0.3313777333545 -0.01241153425195 
82.47068110002 0.1404547696015 0.001170933312317 -0.3411493920668 -0.0127555267664 
82.82460575283 0.1254679072934 0.001091521602597 -0.3477668963634 -0.01175246882423 
83.1739323031 0.1068903019675 0.001002386753425 -0.3507085118049 -0.009229179391944 
83.51865659977 0.08492778926134 0.0009071309085032 -0.3495078969937 -0.005042066864347 
83.85877628144 0.05987389695825 0.0008098256759448 -0.3437610865913 0.0009155862223701 
84.19429075017 0.03210974833386 0.0007149632428197 -0.3331315364552 0.00870658145837 
84.52520114437 0.002101986870497 0.0006273940242519 -0.3173530783814 0.01834323201495 
84.85151031079 -0.02960141195347 0.0005522509651775 -0.296230712082 0.02978150108126 
85.17322277571 -0.06237753839846 0.0004948609372173 -0.2696392545115 0.04291610371196 
85.49034471532 -0.09553720774002 0.0004606440225701 -0.2375199695825 0.05757682907927 
85.80288392537 -0.1283358819589 0.0004550018451427 -0.1998754120229 0.07352633753652 
86.11084979013 -0.1599867975945 0.000483196488799 -0.156762834067 0.0904596761741 
86.41425325071 -0.1896761812265 0.0005502219244527 -0.1082866187339 0.1080057367204 
86.71310677275 -0.2165803677367 0.0006606702417379 -0.05459031343176 0.1257308499946 
87.0074243136 -0.2398845674994 0.0008185953355678 0.004151062826617 0.1431446710225 
87.2972212889 -0.258802958678 0.001027377021163 0.0677376828954 0.1597084581717 
87.58251453879 -0.2725997117358 0.001289588829859 0.1359497309142 0.1748457881762 
87.86332229364 -0.2806104873156 0.001606872959211 0.2085495344394 0.1879556771547 
88.13966413941 -0.2822638881844 0.001979826001691 0.2852801750531 0.1984279965224 
88.41156098264 -0.2771022934902 0.00240789914371 0.3658597958381 0.2056609832925 
88.67903501517 -0.2648014618369 0.002889316499724 0.4499709267532 0.2090805485688 
88.94210967862 -0.2451882612763 0.003421015114786 0.5372443059458 0.2081609883565 
89.2008096286 -0.2182558718804 0.00399860992528 0.6272368897909 0.2024466000955 
89.45516069878 -0.184175812521 0.004616386606982 0.7194040182534 0.191573610018 
89.70518986478 -0.1433061700331 0.005267324760199 0.8130660338381 0.1752917245003 
89.95092520801 -0.09619545780934 0.005943153285654 0.9073700377273 0.1534845374066 
90.1923958794 -0.04358160334687 0.006634439098518 1.00124789859 0.126187959772 
90.42963206313 0.01361433909056 0.007330709522264 1.093372096768 0.09360579298691 
90.66266494032 0.07430003389659 0.008020607814746 1.182111474219 0.05612154694721 
90.89152665281 0.137229407261 0.008692080326333 1.265489449865 0.01430561528303 
91.11625026698 0.2010258632302 0.009332592799641 1.341147727658 -0.03108303469464 
91.33686973768 0.2642109656858 0.009929372321232 1.406318944228 -0.07910141546205 
91.55341987231 0.3252381835233 0.01046967046132 1.457812044024 -0.1286339483666 
91.76593629502 0.3825310923453 0.01094104222335 1.492014399943 -0.1784112311741 
91.97445541117 0.4345252202182 0.01133163460906 1.504914781959 -0.2270363939189 
92.17901437193 0.479712524792 0.01163047792414 1.492151180839 -0.2730190378061 
92.37965103922 0.5166873025809 0.01182777244051 1.449087184959 -0.3148164584511 
92.57640395085 0.5441921672239 0.01191516272819 1.37092005562 -0.3508815288485 
92.76931228599 0.5611626012529 0.01188599189938 1.252822825084 -0.3797162676712 
92.95841583095 0.5667684944262 0.01173552819199 1.09012163483 -0.399929755831 
93.14375494532 0.5604510397941 0.01146115677188 0.8785081323982 -0.4102987023124 
93.32537052847 0.5419533742648 0.01106253035366 0.6142850598258 -0.4098286151169 
93.50330398642 0.5113434301045 0.01054167321926 0.2946412164833 -0.3978132228384 
93.67759719916 0.4690276123092 0.009903034429245 -0.08205019667003 -0.373889536665 
93.84829248835 0.4157541364825 0.009153487435642 -0.515918186759 -0.3380857621291 
94.01543258547 0.3526051523703 0.008302274868933 -1.005276297602 -0.2908591856699 
94.17906060044 0.2809771357799 0.007360898922884 -1.546313837164 -0.233121192786 
94.33921999073 0.2025494489434 0.006342959426807 -2.132811462518 -0.1662467403402 
94.49595453094 0.1192414353429 0.005263943296971 -2.755898581512 -0.09206591972808 
94.64930828285 0.0331589144067 0.00414097051334 -3.403871595377 -0.01283571984328 
94.79932556604 -0.05346854445681 0.002992502993561 -4.062092967414 0.06880926762389 
94.94605092904 -0.1383576827406 0.001838023657391 -4.712991286174 0.1499276674561 
95.08952912094 -0.2192465895436 0.0006976935295853 -5.336181727453 0.2273631976134 
95.22980506362 -0.2939719418173 -0.0004080051271238 -5.908724452304 0.2978560821838 
95.36692382451 -0.3605453508835 -0.001458631943303 -6.405535377446 0.3581713397236 
95.50093058994 -0.4172255087416 -0.002434150838984 -6.799959328188 0.4052401060484 
95.631870639 -0.4625827595736 -0.003315285766851 -7.064509792353 0.4363089859208 
95.75978931803 -0.4955528162929 -0.004083865262395 -7.171772363462 0.449091344052 
95.88473201568 -0.5154766144956 -0.004723152818992 -7.095460598141 0.441913515051 
96.00674413854 -0.5221237544404 -0.005218161696975 -6.811603614043 0.4138482112844 
96.12587108739 -0.5156976239368 -0.005555954227078 -6.299834616842 0.3648270147142 
96.24215823405 -0.4968211081012 -0.005725926791107 -5.544739070566 0.2957238270257 
96.35565089875 -0.4665027507306 -0.005720082267851 -4.537210919485 0.2084015854259 
96.46639432821 -0.4260842983628 -0.005533291644772 -3.275755733981 0.1057154774776 
96.57443367425 -0.3771716814177 -0.005163545578776 -1.767671569584 -0.008532666990969 
96.67981397302 -0.3215526051128 -0.004612194859117 -0.03003243498459 -0.1296921676576 
96.78258012482 -0.2611049649595 -0.003884175978231 1.9096036792 -0.252414388207 
96.88277687458 -0.1977011903976 -0.00298821444163 4.012839518114 -0.370854804169 
96.9804487928 -0.1331142768924 -0.001936994245858 6.23050824787 -0.4789211734487 
97.07564025729 -0.06893161676523 -0.0007472774388695 8.503230374246 -0.5705594586557 
97.16839543531 -0.006482717314183 0.0005600467246171 10.76250501495 -0.6400659210908 
97.25875826643 0.05321354668869 0.001960007285412 12.93236225292 -0.6824108475749 
97.34677244592 0.1094773851764 0.003423718533819 14.93157793221 -0.6935569207684 
97.43248140878 0.1619688148776 0.004918695913465 16.67642257074 -0.6707535426771 
97.51592831428 0.2106589440162 0.006409346662466 18.08388312046 -0.6127876963165 
97.59715603112 0.2557721649793 0.007857656374592 19.07526159305 -0.5201723735381 
97.67620712319 0.2977018647297 0.009224084857342 19.58001997523 -0.3952553424824 
97.75312383584 0.336904591014 0.01046867359406 19.53970861085 -0.2422341327277 
97.82794808275 0.373779828736 0.01155235302398 18.91178779744 -0.06706754060026 
97.90072143334 0.4085444524727 0.0124384213259 17.67313230108 0.122720446534 
97.97148510074 0.4411123320355 0.0130941483785 15.8229983246 0.3183419017227 
98.04027993031 0.4709902963224 0.01349244036409 13.38523436819 0.5101419347289 
98.10714638869 0.4972015577263 0.01361348365109 10.40953307716 0.6880748214361 
98.17212455336 0.5182466679466 0.01344627287363 6.971551515131 0.8422360487855 
98.23525410273 0.5321100883828 0.01298991928754 3.171772318859 0.9634213844841 
98.29657430682 0.5363175683664 0.0122546331356 -0.8669632296118 1.04367997934 
98.35612401832 0.5280458750579 0.01126227917086 -5.003249335322 1.07682642936 
98.41394166423 0.5042822401074 0.01004641841047 -9.082158511574 1.058877012247 
98.470065238 0.4620264865483 0.00865177168271 -12.94137365631 0.9883781490844 
98.52453229211 0.3985245380048 0.007133070856442 -16.41817107608 0.8666005061028 
98.57737993115 0.311518281155 0.00555330025311 -19.35694510208 0.6975798040598 
98.62864480537 0.1994939333076 0.003981371312979 -21.61690752435 0.4879948888931 
98.67836310468 0.06190949450993 0.002489315172937 -23.07955661109 0.2468842916973 
98.72657055308 -0.1006182134645 0.001149117068697 -23.65549532695 -0.01478641971049 
98.7733024036 -0.2861848704381 2.934995407301e-05 -23.2901894148 -0.2846835877266 
98.81859343356 -0.4915431304782 -0.000808210776075 -21.96829433138 -0.5497585263289 
98.86247794041 -0.712130419482 -0.001311796707049 -19.71624463652 -0.7969553573516 
98.90498973778 -0.9421844835808 -0.001442485753955 -16.60288721769 -1.013929872268 
98.94616215215 -1.174944662692 -0.001176491841828 -12.73804559233 -1.189734409592 
98.98602801975 -1.402930235484 -0.0005067534841436 -8.269019723639 -1.315425765033 
99.02461968396 -1.618280943444 0.0005562902053456 -3.375146425912 -1.38455832185 
99.06196899298 -1.813139505947 0.001984798587537 1.739338880957 -1.393532487501 
99.098107298 -1.980052068984 0.003734511922896 6.853795791867 -1.341778503638 
99.13306545161 -2.112360455094 0.005746570000381 11.74060261556 -1.231766943922 
99.16687380664 -2.204560011003 0.007950067539193 16.17502914665 -1.068848823134 
99.19956221528 -2.252598816017 0.01026520176139 19.94505192429 -0.860939299669 
99.23116002861 -2.254097868809 0.01260683281575 22.86061145139 -0.6180686298196 
99.26169609638 -2.208477296697 0.01488825587236 24.7618476683 -0.3518316433997 
99.29119876714 -2.116980177662 0.01702497597175 25.52591440205 -0.07477207942287 
99.31969588867 -1.982592688619 0.01893828317849 25.07206045093 0.2002595950602 
99.34721480873 -1.809866412688 0.02055844517476 23.36476785542 0.4607367588722 
99.37378237604 -1.604655188964 0.02182736506355 20.4148493195 0.6950405363197 
99.3994249416 -1.373784373554 0.02270059100783 16.27851901495 0.8929671569583 
99.42416836025 -1.124674412393 0.02314860812533 11.05455682992 1.046135705278 
99.4480379925 -0.864942954905 0.02315738836122 4.879779141004 1.148280951846 
99.47105870662 -0.6020102662811 0.02272821760233 -2.076895639145 1.195424042994 
99.49325488093 -0.3427314784837 0.0218768582184 -9.621444578691 1.185921630573 
99.51465040642 -0.09307644749104 0.02063213727588 -17.54242768375 1.120401029355 
99.5352686895 0.1421260438872 0.01903407435332 -25.61898414076 1.001594796838 
99.555132655 0.3593679052741 0.01713167745521 -33.6287695424 0.8340924761281 
99.57426474945 0.5565587200315 0.01498054097854 -41.35549822839 0.624030004186 
99.59268694443 0.7330390518208 0.01264037669021 -48.59580166949 0.378738475153 
99.61042074025 0.8895141321806 0.01017259840424 -55.16517120626 0.1063736837669 
99.62748716973 1.027916426482 0.007638065042467 -60.90281698254 -0.1844536333074 
99.64390680218 1.151209123801 0.005095066756007 -65.675340282 -0.4850294217546 
99.65969974758 1.263145099289 0.002597616546346 -69.37917981168 -0.7868555224172 
99.67488566087 1.367997293134 0.000194087022003 -71.94185053318 -1.081925734024 
99.68948374647 1.470276761318 -0.002073789975491 -73.32204392761 -1.3629516274 
99.70351276286 1.574453974583 -0.004171562965611 -73.5086994174 -1.623534513588 
99.71699102738 1.684697424715 -0.006072358615579 -72.519187169 -1.858283140413 
99.72993642113 1.804641429502 -0.007756870097263 -70.3967625146 -2.062879395831 
99.74236639397 1.937192417619 -0.009213078100356 -67.20746222661 -2.234096451377 
99.7542979697 2.08438013111 -0.0104357526369 -63.03661381709 -2.369775349951 
99.76574775128 2.247257302749 -0.01142578643494 -57.98512222955 -2.468767041024 
99.77673192626 2.425848620042 -0.01218941041152 -52.16568526687 -2.530847335738 
99.78726627218 2.619147315971 -0.01273733897467 -45.69907145778 -2.556612264045 
99.79736616216 2.825155632356 -0.01308388829996 -38.71057339456 -2.547360949202 
99.80704657053 3.040963748956 -0.01324610484501 -31.326727332 -2.504972462252 
99.81632207857 3.262860590215 -0.01324293474195 -23.67236732017 -2.431782269067 
99.82520688028 3.486469209005 -0.01309445783322 -15.86806041497 -2.330462920518 
99.83371478826 3.706899173879 -0.01282120338294 -8.027949418401 -2.203912632496 
99.84185923963 3.918908504239 -0.0124435582205 -0.258011738549 -2.055154419073 
99.84965330198 4.117068143283 -0.01198127248676 7.345272289329 -1.887247525335 
99.85710967944 4.295922661146 -0.01145306338344 14.69586072423 -1.703212087962 
99.86424071872 4.450141767829 -0.01087631345672 21.71872972605 -1.505967254434 
99.87105841522 4.574658215706 -0.0102668569677 28.35012732872 -1.298282421776 
99.87757441915 4.664788721874 -0.009638845787935 34.53754142236 -1.082740817896 
99.88380004174 4.716335583724 -0.009004684916271 40.23942435791 -0.8617143322078 
99.88974626137 4.725667651241 -0.008375027052351 45.424716993 -0.6373482980137 
99.89542372981 4.68978022182 -0.007758815565017 50.07221387555 -0.4115548222162 
99.9008427784 4.606334211043 -0.007163365549225 54.16980895605 -0.1860132314705 
99.90601342428 4.473675613177 -0.006594473351071 57.71365803634 0.03782375904456 
99.91094537663 4.290836788204 -0.006056545868868 60.70729040076 0.2587194621097 
99.91564804284 4.057521502314 -0.005552742001105 63.16069798211 0.4756394096119 
99.92013053475 3.774075909941 -0.005085119747934 65.08942619122 0.687735367872 
99.92440167481 3.441447809886 -0.004654783602173 66.51368638085 0.8943280784876 
99.92847000229 3.061136550377 -0.004262027966831 67.45750591891 1.094889473961 
99.93234377941 2.635135912443 -0.003906473337641 67.947928152 1.289024974086 
99.93603099748 2.165872186097 -0.003587192904527 68.0142711738 1.476456333654 
99.93953938299 1.656139484666 -0.003302828019429 67.6874513405 1.657005390432 
99.94287640369 1.109034134944 -0.003051691649556 66.99937489901 1.830578956872 
99.94604927459 0.527889748548 -0.002831859491659 65.98239892464 1.99715500839 
99.94906496398 -0.08378566377299 -0.002641248863428 64.66886096228 2.156770246588 
99.95193019937 -0.7223694195428 -0.00247768583138 63.09067534369 2.309509055142 
99.95465147335 -1.384179856737 -0.002338961277996 61.2789930363 2.455493820632 
99.95723504949 -2.065527339833 -0.002222876781733 59.26392107645 2.594876555376 
99.9596869681 -2.762760135849 -0.002127281280483 57.07429706734 2.72783173654 
99.96201305197 -3.472304901857 -0.002050099549309 54.73751388667 2.854550257698 
99.96421891206 -4.190701688484 -0.001989353505208 52.27938958692 2.975234385087 
99.9663099531 -4.914633501155 -0.001943177347472 49.724077452 3.090093603558 
99.96829137914 -5.640950575588 -0.001909827469491 47.0940112827 3.199341242415 
99.97016819905 -6.366689615579 -0.001887688017756 44.40988118002 3.303191774903 
99.97194523191 -7.089088310325 -0.001875272892453 41.69063534821 3.401858692075 
99.9736271124 -7.805595500187 -0.001871224901541 38.95350375688 3.495552859932 
99.975218296 -8.513877392069 -0.001874312687769 36.21403982882 3.584481279487 
99.97672306423 -9.211820244818 -0.001883425970832 33.48617668426 3.668846177261 
99.97814552976 -9.897529949756 -0.001897569566458 30.78229481162 3.748844363416 
99.97948964145 -10.56932892705 -0.001915856568791 28.11329840114 3.824666803699 
99.98075918929 -11.2257507448 -0.001937501016139 25.488697901 3.896498359588 
99.98195780928 -11.8655328478 -0.001961810299708 22.91669669083 3.964517658586 
99.98308898823 -12.48760775807 -0.001988177522418 20.40428005321 4.028897062999 
99.98415606848 -13.09109308061 -0.002016073972874 17.95730490856 4.089802711029 
99.98516225248 -13.67528061769 -0.002045041831452 15.58058903206 4.147394610407 
99.98611060737 -14.23962486404 -0.002074687200419 13.27799869544 4.201826767977 
99.98700406939 -14.783731123 -0.002104673521579 11.05253388082 4.253247342205 
99.98784544827 -15.30734345369 -0.002134715417815 8.906410400185 4.301798809518 
99.98863743147 -15.81033262951 -0.002164572981711 6.841138404115 4.347618137158 
99.9893825884 -16.2926842603 -0.002194046516707 4.857596907825 4.390836957558 
99.99008337447 -16.75448720456 -0.002222971728461 2.956104078432 4.431581740456 
99.99074213512 -17.19592237442 -0.002251215353767 1.136483128453 4.469973960421 
99.99136110972 -17.61725201429 -0.002278671205767 -0.6018762562649 4.506130259039 
99.99194243541 -18.0188095149 -0.002305256616993 -2.259960951647 4.540162600267 
99.99248815077 -18.40098980705 -0.002330909253294 -3.839081838809 4.572178419097 
99.99300019955 -18.76424036504 -0.002355584270543 -5.340825545759 4.602280764005 
99.99348043414 -19.10905283604 -0.002379251787803 -6.767010353715 4.630568433502 
99.99393061909 -19.4359553011 -0.002401894653752 -8.11964609356 4.657136106421 
99.99435243444 -19.7455051645 -0.002423506470903 -9.40089784592 4.682074468567 
99.99474747901 -20.03828265973 -0.002444089865425 -10.61305323948 4.705470333667 
99.99511727363 -20.31488495526 -0.002463654964643 -11.75849313634 4.727406761937 
99.99546326418 -20.5759208373 -0.002482218073978 -12.83966548721 4.747963174402 
99.99578682467 -20.82200594427 -0.002499800519275 -13.85906213506 4.767215465557 
99.99608926013 -21.05375852354 -0.002516427649389 -14.81919835745 4.785236112623 
99.99637180949 -21.27179568061 -0.002532127968006 -15.72259493014 4.802094284026 
99.99663564831 -21.47673008867 -0.002546932390935 -16.57176251161 4.817855945259 
99.99688189147 -21.66916712668 -0.002560873606345 -17.36918814775 4.832583963774 
99.99711159578 -21.84970241358 -0.002573985531497 -18.11732371396 4.846338212004 
99.99732576249 -22.01891970765 -0.002586302846411 -18.81857610827 4.859175670034 
99.99752533968 -22.17738913911 -0.002597860605952 -19.47529903744 4.871150525714 
99.99771122469 -22.32566574755 -0.002608693909005 -20.08978622848 4.88231427459 
99.99788426632 -22.46428829438 -0.002618837625755 -20.66426592605 4.892715817969 
99.99804526709 -22.59377832433 -0.002628326170767 -21.20089653411 4.902401559858 
99.99819498531 -22.71463944945 -0.002637193317965 -21.70176327664 4.911415502374 
99.99833413718 -22.82735683248 -0.00264547205168 -22.168875763 4.919799339628 
99.99846339874 -22.93239684658 -0.002653194447513 -22.60416634452 4.927592550132 
99.99858340775 -23.030206891 -0.00266039158014 -23.00948917153 4.934832487388 
99.99869476558 -23.12121534315 -0.002667093454588 -23.38661985653 4.941554468652 
99.99879803895 -23.20583162989 -0.00267332895605 -23.73725566363 4.947791861866 
99.99889376162 -23.28444640135 -0.002679125815604 -24.0630161487 4.953576170787 
99.99898243603 -23.35743179292 -0.002684510592796 -24.36544418825 4.958937117509 
99.99906453488 -23.4251417619 -0.002689508666053 -24.64600733166 4.963902723654 
99.99914050265 -23.48791248668 -0.002694144235319 -24.9060994252 4.968499388859 
99.999210757 -23.54606281752 -0.002698440335387 -25.1470424632 4.972751966661 
99.99927569021 -23.59989476947 -0.002702418849289 -25.3700886154 4.976683839259 
99.99933567048 -23.64969404824 -0.002706100534214 -25.57642240273 4.980316988765 
99.99939104323 -23.69573060167 -0.002709505048407 -25.76716297761 4.983672066703 
99.99944213229 -23.73825918979 -0.002712650981312 -25.94336648976 4.98676846118 
99.99948924108 -23.77751996738 -0.002715555888543 -26.10602849883 4.989624361394 
99.99953265375 -23.81373907384 -0.002718236326871 -26.25608642689 4.992256820127 
99.9995726362 -23.84712922572 -0.00272070789262 -26.3944220173 4.994681813483 
99.99960943714 -23.87789030804 -0.002722985258658 -26.52186378856 4.996914298849 
99.99964328903 -23.90620996067 -0.002725082214517 -26.6391894726 4.998968269912 
99.99967440903 -23.9322641573 -0.00272701170466 -26.74712841722 5.000856809953 
100 -24.20600473574 -0.002747299385424 -27.88112605261 5.020634436184 
