# Status file for ctqmc. Used to save all times t_s, t_e.
1
251
0.06780340713481081 0.2495196303754343 0 0
0.2429625296534776 0.3457962329761189 1 1
0.7206208823832453 1.150451413827297 0 0
1.175759475336268 1.227926205107896 1 1
1.248214767407773 2.424239474032468 0 0
2.422833574827521 2.712939140696705 1 1
2.74252637118617 2.761813708742844 0 0
2.76907802739508 2.781770103084871 1 1
2.869582666677635 3.276799872296442 1 0
3.170514218834472 3.320693246445737 0 1
3.590319755403319 3.712506739030389 0 0
3.886113934336029 4.072298173577292 1 1
4.05915872643418 4.523981233692178 0 0
4.524843023688932 6.01490794245927 1 1
6.145955251389104 6.28081791726501 1 0
6.187343871403959 6.387540687285471 0 1
6.42654971403273 6.886602032012168 0 0
6.87627613794051 6.897141909906142 1 1
7.178412128926345 7.310709101748394 0 1
7.228653703320548 7.412343657422492 1 0
7.522715565909661 8.083246510368749 0 0
8.1004280370683 8.887632667157728 1 1
8.593039709016917 8.965617418289185 0 0
9.150003665809072 9.494571194144438 1 0
9.427223162005772 10.15652027286812 0 1
10.35534635280447 10.87513590686503 1 1
10.51037350633833 10.92356106601423 0 0
11.21435181044172 11.5023867011215 1 1
11.43092191479874 11.84482421040464 0 0
11.82753133469992 12.20054403740637 1 0
12.14732169388146 12.43342768608047 0 0
12.31933656084731 12.47500809612935 0 1
12.62044474067776 12.89038768088916 1 1
12.74776910577729 13.23683804030984 0 0
13.08047796273661 13.3105949341503 1 1
13.23987656822001 13.60998040057357 0 0
13.32404674878126 14.17959501881107 1 1
13.95417769663155 14.25901678039602 0 0
14.34177087069974 15.22603313635949 1 1
15.15558741825144 15.53200072147548 0 0
15.52506148442416 15.563044712796 1 1
15.54064167464026 16.07526174852523 0 0
16.11785942773557 16.41940670511894 1 1
16.33614525476161 16.70134159952928 0 0
16.69811630747317 17.63650992255554 1 1
17.14987351806151 17.6426517863259 0 0
17.67862186240828 18.44221738128596 1 1
17.81042616862448 19.41567964437978 0 0
19.40482925235863 19.74211210841007 1 1
19.68305985948075 19.91629563546389 0 0
19.88422722899732 20.21126833914189 1 1
20.16582882435943 20.24372438174744 0 0
20.3241207891887 20.63345578777371 1 1
20.56183508243613 20.67243345910224 0 0
20.66667403392803 20.89230179668181 1 1
20.85984397520496 21.21991040042815 0 0
21.22644447218669 21.39815914277504 1 1
21.68843333488887 21.96770934703912 0 0
22.04727996051371 22.08216651718919 1 1
22.60956501279508 23.02128905437547 0 0
23.07866158965858 23.46867440515764 1 1
24.11227248104687 24.74640720998713 0 0
24.36450098091001 24.8288584621738 1 1
24.83165964285603 25.08701671494121 0 0
25.12375600236941 25.7083089545873 1 1
25.23450191487425 26.04842119156692 0 0
26.01334320192422 26.30883720999018 1 1
26.3787038005186 26.56461905812255 0 1
26.52302847791669 26.96190893141182 1 0
26.91620238729457 27.48180627822876 1 1
27.30721494557618 27.54816738928981 0 0
27.71356330047159 27.84463878922207 0 0
27.81822250542944 27.94732403866439 1 1
28.18381086598917 28.72558558521458 1 1
28.51772960289707 28.77424804124028 0 0
28.74267434170075 29.2833072204741 1 0
29.03978827570599 29.37861234010218 0 1
29.38506603240967 29.46499863877377 0 0
29.46239709854126 29.87170383193144 1 1
30.15955239337415 30.70448334777986 0 0
30.69936306375374 31.04928442708277 1 1
30.9222108534629 31.3487265693436 0 0
31.26297784532845 31.37220740318298 1 1
31.49442076683044 31.54445397331518 1 1
32.29268316160495 32.61574642242552 0 0
32.57935225831343 32.95368626715994 1 1
33.30456279755704 33.70691805059945 0 1
33.63355873276649 33.79702427822726 1 0
33.7925359604413 34.31950177130996 1 0
34.093117708185 34.48410470738474 0 1
34.48535644327653 34.66066437417503 0 1
34.56303380507461 34.76146743777579 1 0
34.83870493304995 35.27965903209594 1 1
35.25680745123747 35.40152654215436 0 0
35.39620513828844 35.63024370573648 1 0
35.52987244261288 35.64808044463181 0 1
35.70605277073182 36.19785904884338 0 1
36.03793978691101 36.53814354593086 1 0
36.57834903480337 36.63637721299278 1 1
36.67163726977523 36.95129661988179 0 0
36.97215184186465 37.1223604808562 1 1
37.42417126697342 37.59044983496047 0 0
37.55864253350421 37.6639600260299 1 1
37.91701618411539 38.29229451633002 0 0
38.2048715660104 38.34951038074279 1 1
38.66441047057967 38.75875394779019 0 0
39.02963124771212 39.26916134853939 1 1
39.20774467783146 39.43558776673937 0 0
39.52732688201529 40.09189018149285 1 1
39.73460805502488 40.8326936601059 0 1
40.16353138866582 40.93228130193202 1 0
41.05844628986218 41.28047811156876 0 0
41.3845119703476 41.94053090872995 1 1
41.50600515565028 42.18027362319176 0 0
42.1810063447805 42.86660143173121 1 1
42.25134123721732 42.87726859791989 0 0
42.90340884203827 43.23819587825958 1 1
43.15550899674587 43.87572037037097 0 0
43.79301798870836 44.17813236568819 1 0
43.89355182647705 44.2098646046395 0 1
44.3393999732683 44.49344027628249 1 0
44.34998429880702 44.56963199447609 0 1
44.73634773453337 44.78914722574243 1 1
45.22640030643698 45.23283778177122 1 0
45.23103141063216 45.26146885170414 0 1
45.421241512655 45.86805220209441 0 0
45.80657312398653 46.4309328192838 1 1
46.53598411270862 46.83420920902574 1 1
46.70330823046279 46.83915068447718 0 0
46.86220166088013 47.3110222000679 1 1
46.98846370589158 47.66317917638766 0 0
47.67486923529287 49.04513151919759 1 1
48.86915146179852 49.53563406573227 0 0
49.50517314054554 50.08039128543797 1 1
49.96685749616664 50.28589288401041 0 0
50.24663122661862 51.54234182581744 1 1
51.51517407061544 51.97389413008946 0 0
51.96903199497768 52.76273718461727 1 1
52.6237590630309 53.14885224266595 0 0
53.15427571380598 53.50858679500753 1 1
53.33277760471249 53.90272205050829 0 0
53.87001435937838 54.69284696643372 1 1
53.91132106322034 55.59617968359083 0 1
55.47114902955111 55.98281935830248 1 0
56.02080287627788 56.07019700864481 1 1
56.08673768515102 56.10843044811261 0 0
56.15572357124465 56.34922362476797 1 1
56.67405799070478 56.93076219858519 0 0
56.89081192604982 57.24794268608093 1 1
57.28548163109086 57.37104697280781 1 1
57.33458309316445 57.42234387433734 0 0
57.53700716002229 58.55104314850465 0 0
58.54100173622858 58.63796971670502 1 1
58.83050209685636 58.94197218179838 0 1
58.86412035943742 59.13858097083668 1 0
59.16210751171814 59.21518386841374 0 1
59.17283810438688 59.77440732421031 1 0
59.76365756931262 60.23914649671502 1 1
60.02826478169093 60.27125229634909 0 0
60.30895311208837 60.55656776735805 1 0
60.49590262788018 61.03808172583726 0 0
60.7327245254824 62.50041455483888 0 1
62.44914851830266 63.12314035922391 0 0
63.47729186844749 63.51173953889872 1 0
63.50733377051971 63.83034965937778 0 1
64.10477402113027 64.30755327983097 1 1
64.17291591807128 65.05059477295448 0 0
65.01879520620231 65.53867232495813 1 0
65.18413342731226 65.6964902803126 0 1
65.75522780438756 66.1218639737378 1 0
65.94258869350799 66.13114136471418 0 1
66.15943067786417 67.26737407809389 1 1
67.19219555003507 67.68213462879831 0 0
67.67040632579887 67.79152358096302 1 1
67.80738683845503 67.88673816968073 0 0
67.91320864204876 68.35261937328553 1 1
68.15372742660617 68.64469152921737 0 0
68.60463365061284 69.30447031783916 1 1
68.97808828539407 69.47871451138393 0 0
69.46702704882983 69.76049845326574 1 0
69.52974660203914 69.80763883275311 0 1
69.83964983945019 69.91422227980981 0 0
69.88213995910306 71.3619987768914 1 1
71.77479484809426 71.83843414556799 1 1
71.80823031472991 72.12938627862349 0 0
72.12300633384646 72.22299984085146 1 1
72.18022422829458 72.78085818906442 0 0
72.80185352373253 73.14944421741941 0 0
73.28432870229146 73.5181652684149 1 1
74.10300640120145 74.50448647496351 0 0
74.44385965013093 74.57390570938394 1 1
74.78068680348254 75.36157037114479 0 0
75.33236434526877 75.710909485977 1 1
76.34978432025774 76.56951759470286 0 0
76.56408440375739 76.68241949478208 1 1
76.77898275942132 77.28620751494347 0 0
77.32706798933816 77.40595612460297 1 1
78.30865691159636 78.34312973215702 0 0
78.31779433723806 78.52753251980091 1 1
78.58704264077372 78.99186234235117 0 0
79.01844633011703 79.36902669535287 1 1
79.52840685733838 79.81390612913796 0 0
79.70864283744245 79.86892278155034 1 1
79.93422873636266 80.55976095678182 0 0
80.599605912257 81.53989706760333 1 1
81.6602824811601 82.17340160658313 0 1
81.88374964803303 82.45249381833057 1 0
82.4193037618823 82.47865440067233 1 1
82.47191782082153 82.64951335938026 0 0
82.65130543421459 82.86005119827523 1 1
82.84778370063297 83.11336368786412 0 0
83.16036716495141 83.47598392292127 1 1
83.18143118207942 83.65548851269088 0 0
83.78275064388113 85.1901393300061 1 0
84.93658722488168 85.44058009960848 0 1
85.45760949561937 85.5033962017385 0 1
85.4762937198854 85.6863752890802 1 0
85.72269622645291 86.11097710603508 1 0
85.88493843485531 86.33689093535689 0 1
86.51880308277259 87.13647115641052 0 1
86.97363845662242 87.24368609251223 1 0
87.25095755160577 87.48784161645138 0 0
87.2566347573251 87.69676699768817 1 1
87.74783484165225 87.84416036827761 0 0
87.8417064476091 88.49063106726506 1 1
88.53948451977143 88.62064314028098 0 0
88.62411297232053 88.83018256547881 1 1
89.2305599433212 89.43310296607628 0 0
89.39303457268879 89.67068980344125 1 1
89.95064504283204 89.97956527570197 0 0
89.97273574566069 89.9964152482839 1 1
90.42595971159109 90.86333372675735 0 0
90.65884591358882 91.9862132901651 1 1
92.06106272030136 92.62720384045861 0 0
92.56961631013031 92.65614526872292 1 1
92.76216075964267 92.9065212898378 0 0
92.91531435682977 92.94951803995804 1 1
93.26904539297617 93.274028709251 0 0
93.27142709746937 94.42244237318391 1 1
94.50314963592467 95.37087443835817 0 0
95.21079039616869 95.84848889327199 1 1
95.91468969214677 96.02401091820221 0 1
95.94524123768919 96.11384321638498 1 0
96.41090895899158 96.42614482027045 0 0
96.48642904000125 96.5866288376983 1 1
96.81535993046357 97.07367683830799 0 1
96.96831613975867 97.69582739462297 1 0
97.63373152555961 98.53315339135428 1 0
98.24610297210535 99.50038946430136 0 1
99.5535090123218 99.78445345152566 0 1
99.78007290261527 99.87023123437403 1 0
